0.00 1
0.02 1
0.04 0.9996
0.06 0.9988
0.08 0.997601
0.10 0.996003
0.12 0.994006
0.14 0.991612
0.16 0.988821
0.18 0.985635
0.20 0.982054
0.22 0.978081
0.24 0.973717
0.26 0.968963
0.28 0.963822
0.30 0.958295
0.32 0.952385
0.34 0.946094
0.36 0.939424
0.38 0.932379
0.40 0.924961
0.42 0.917173
0.44 0.909018
0.46 0.9005
0.48 0.891621
0.50 0.882386
0.52 0.872799
0.54 0.862862
0.56 0.85258
0.58 0.841957
0.60 0.830997
0.62 0.819705
0.64 0.808085
0.66 0.796142
0.68 0.78388
0.70 0.771305
0.72 0.758422
0.74 0.745235
0.76 0.73175
0.78 0.717972
0.80 0.703907
0.82 0.689561
0.84 0.674939
0.86 0.660047
0.88 0.644891
0.90 0.629477
0.92 0.613811
0.94 0.5979
0.96 0.58175
0.98 0.565367
1.00 0.548758
1.02 0.53193
1.04 0.514888
1.06 0.497641
1.08 0.480195
1.10 0.462557
1.12 0.444733
1.14 0.426732
1.16 0.40856
1.18 0.390225
1.20 0.371734
1.22 0.353094
1.24 0.334313
1.26 0.315398
1.28 0.296357
1.30 0.277198
1.32 0.257928
1.34 0.238554
1.36 0.219085
1.38 0.199529
1.40 0.179893
1.42 0.160184
1.44 0.140412
1.46 0.120584
1.48 0.100707
1.50 0.0807899
1.52 0.0608406
1.54 0.040867
1.56 0.020877
1.58 0.000878748
1.60 -0.0191199
1.62 -0.0391109
1.64 -0.0590863
1.66 -0.079038
1.68 -0.0989581
1.70 -0.118839
1.72 -0.138672
1.74 -0.158449
1.76 -0.178163
1.78 -0.197806
1.80 -0.21737
1.82 -0.236847
1.84 -0.256229
1.86 -0.275509
1.88 -0.294678
1.90 -0.31373
1.92 -0.332656
1.94 -0.351449
1.96 -0.370102
1.98 -0.388607
2.00 -0.406956
2.02 -0.425142
2.04 -0.443159
2.06 -0.460998
2.08 -0.478652
2.10 -0.496116
2.12 -0.513381
2.14 -0.53044
2.16 -0.547287
2.18 -0.563916
2.20 -0.580319
2.22 -0.59649
2.24 -0.612422
2.26 -0.628109
2.28 -0.643546
2.30 -0.658724
2.32 -0.67364
2.34 -0.688286
2.36 -0.702656
2.38 -0.716746
2.40 -0.730549
2.42 -0.74406
2.44 -0.757273
2.46 -0.770184
2.48 -0.782786
2.50 -0.795075
2.52 -0.807047
2.54 -0.818695
2.56 -0.830016
2.58 -0.841005
2.60 -0.851658
2.62 -0.86197
2.64 -0.871937
2.66 -0.881556
2.68 -0.890822
2.70 -0.899732
2.72 -0.908281
2.74 -0.916468
2.76 -0.924288
2.78 -0.931738
2.80 -0.938816
2.82 -0.945518
2.84 -0.951842
2.86 -0.957786
2.88 -0.963346
2.90 -0.968521
2.92 -0.973309
2.94 -0.977708
2.96 -0.981715
2.98 -0.98533
3.00 -0.988551
3.02 -0.991376
3.04 -0.993805
3.06 -0.995837
3.08 -0.99747
3.10 -0.998704
3.12 -0.999539
3.14 -0.999974
3.16 -1.00001
3.18 -0.999644
3.20 -0.998879
3.22 -0.997715
3.24 -0.996152
3.26 -0.99419
3.28 -0.991831
3.30 -0.989075
3.32 -0.985923
3.34 -0.982377
3.36 -0.978439
3.38 -0.974108
3.40 -0.969389
3.42 -0.964281
3.44 -0.958788
3.46 -0.952912
3.48 -0.946654
3.50 -0.940018
3.52 -0.933006
3.54 -0.92562
3.56 -0.917865
3.58 -0.909742
3.60 -0.901256
3.62 -0.892409
3.64 -0.883205
3.66 -0.873648
3.68 -0.863742
3.70 -0.85349
3.72 -0.842897
3.74 -0.831966
3.76 -0.820703
3.78 -0.809112
3.80 -0.797197
3.82 -0.784963
3.84 -0.772416
3.86 -0.759559
3.88 -0.746399
3.90 -0.73294
3.92 -0.719188
3.94 -0.705148
3.96 -0.690827
3.98 -0.676229
4.00 -0.66136
4.02 -0.646227
4.04 -0.630836
4.06 -0.615192
4.08 -0.599302
4.10 -0.583173
4.12 -0.56681
4.14 -0.55022
4.16 -0.533411
4.18 -0.516388
4.20 -0.499158
4.22 -0.481729
4.24 -0.464108
4.26 -0.4463
4.28 -0.428315
4.30 -0.410157
4.32 -0.391836
4.34 -0.373358
4.36 -0.354731
4.38 -0.335962
4.40 -0.317059
4.42 -0.298029
4.44 -0.278879
4.46 -0.259618
4.48 -0.240254
4.50 -0.220793
4.52 -0.201244
4.54 -0.181614
4.56 -0.161912
4.58 -0.142145
4.60 -0.122321
4.62 -0.102448
4.64 -0.0825346
4.66 -0.0625879
4.68 -0.0426161
4.70 -0.0226272
4.72 -0.00262935
4.74 0.0173696
4.76 0.0373616
4.78 0.0573386
4.80 0.0772927
4.82 0.0972159
4.84 0.1171
4.86 0.136938
4.88 0.15672
4.90 0.17644
4.92 0.19609
4.94 0.215661
4.96 0.235146
4.98 0.254536
5.00 0.273825
5.02 0.293005
5.04 0.312067
5.06 0.331004
5.08 0.349809
5.10 0.368474
5.12 0.386992
5.14 0.405355
5.16 0.423556
5.18 0.441588
5.20 0.459442
5.22 0.477114
5.24 0.494594
5.26 0.511876
5.28 0.528954
5.30 0.54582
5.32 0.562468
5.34 0.578891
5.36 0.595083
5.38 0.611036
5.40 0.626745
5.42 0.642204
5.44 0.657405
5.46 0.672344
5.48 0.687013
5.50 0.701408
5.52 0.715522
5.54 0.72935
5.56 0.742886
5.58 0.756126
5.60 0.769063
5.62 0.781692
5.64 0.794008
5.66 0.806007
5.68 0.817684
5.70 0.829034
5.72 0.840052
5.74 0.850734
5.76 0.861076
5.78 0.871074
5.80 0.880723
5.82 0.89002
5.84 0.898961
5.86 0.907543
5.88 0.915761
5.90 0.923613
5.92 0.931096
5.94 0.938207
5.96 0.944942
5.98 0.951299
6.00 0.957276
6.02 0.96287
6.04 0.968079
6.06 0.972901
6.08 0.977333
6.10 0.981375
6.12 0.985024
6.14 0.988279
6.16 0.991139
6.18 0.993602
6.20 0.995668
6.22 0.997336
6.24 0.998605
6.26 0.999475
6.28 0.999945
6.30 1.00001
6.32 0.999685
6.34 0.998955
6.36 0.997826
6.38 0.996298
6.40 0.994371
6.42 0.992046
6.44 0.989325
6.46 0.986208
6.48 0.982697
6.50 0.978792
6.52 0.974496
6.54 0.969811
6.56 0.964737
6.58 0.959278
6.60 0.953435
6.62 0.947211
6.64 0.940607
6.66 0.933628
6.68 0.926275
6.70 0.918552
6.72 0.910461
6.74 0.902007
6.76 0.893191
6.78 0.884018
6.80 0.874492
6.82 0.864615
6.84 0.854393
6.86 0.84383
6.88 0.832929
6.90 0.821694
6.92 0.810131
6.94 0.798245
6.96 0.786038
6.98 0.773518
7.00 0.760688
7.02 0.747554
7.04 0.734121
7.06 0.720394
7.08 0.70638
7.10 0.692082
7.12 0.677508
7.14 0.662663
7.16 0.647553
7.18 0.632184
7.20 0.616562
7.22 0.600693
7.24 0.584585
7.26 0.568242
7.28 0.551672
7.30 0.534882
7.32 0.517877
7.34 0.500666
7.36 0.483254
7.38 0.465649
7.40 0.447858
7.42 0.429887
7.44 0.411745
7.46 0.393438
7.48 0.374973
7.50 0.356359
7.52 0.337602
7.54 0.31871
7.56 0.299691
7.58 0.280551
7.60 0.2613
7.62 0.241944
7.64 0.222491
7.66 0.202949
7.68 0.183327
7.70 0.16363
7.72 0.143869
7.74 0.124049
7.76 0.104181
7.78 0.0842702
7.80 0.064326
7.82 0.0443561
7.84 0.0243684
7.86 0.00437105
7.88 -0.0156281
7.90 -0.035621
7.92 -0.0555996
7.94 -0.075556
7.96 -0.0954822
7.98 -0.11537
8.00 -0.135212
8.02 -0.155
8.04 -0.174726
8.06 -0.194381
8.08 -0.21396
8.10 -0.233452
8.12 -0.252851
8.14 -0.272149
8.16 -0.291339
8.18 -0.310411
8.20 -0.32936
8.22 -0.348176
8.24 -0.366854
8.26 -0.385385
8.28 -0.403761
8.30 -0.421977
8.32 -0.440023
8.34 -0.457893
8.36 -0.475581
8.38 -0.493078
8.40 -0.510378
8.42 -0.527474
8.44 -0.544358
8.46 -0.561026
8.48 -0.577468
8.50 -0.59368
8.52 -0.609655
8.54 -0.625385
8.56 -0.640866
8.58 -0.65609
8.60 -0.671052
8.62 -0.685745
8.64 -0.700164
8.66 -0.714304
8.68 -0.728157
8.70 -0.74172
8.72 -0.754985
8.74 -0.767949
8.76 -0.780606
8.78 -0.79295
8.80 -0.804978
8.82 -0.816683
8.84 -0.828062
8.86 -0.839109
8.88 -0.849821
8.90 -0.860194
8.92 -0.870222
8.94 -0.879902
8.96 -0.88923
8.98 -0.898202
9.00 -0.906816
9.02 -0.915066
9.04 -0.922951
9.06 -0.930467
9.08 -0.93761
9.10 -0.944378
9.12 -0.950769
9.14 -0.95678
9.16 -0.962407
9.18 -0.96765
9.20 -0.972506
9.22 -0.976973
9.24 -0.981049
9.26 -0.984733
9.28 -0.988023
9.30 -0.990918
9.32 -0.993416
9.34 -0.995517
9.36 -0.99722
9.38 -0.998524
9.40 -0.999429
9.42 -0.999934
9.44 -1.00004
9.46 -0.999744
9.48 -0.999049
9.50 -0.997955
9.52 -0.996461
9.54 -0.994569
9.56 -0.99228
9.58 -0.989593
9.60 -0.986511
9.62 -0.983034
9.64 -0.979164
9.66 -0.974902
9.68 -0.970251
9.70 -0.965211
9.72 -0.959785
9.74 -0.953976
9.76 -0.947785
9.78 -0.941215
9.80 -0.934268
9.82 -0.926948
9.84 -0.919257
9.86 -0.911198
9.88 -0.902775
9.90 -0.893991
9.92 -0.884849
9.94 -0.875354
9.96 -0.865508
9.98 -0.855316
10.00 -0.844782
10.02 -0.833911
10.04 -0.822705
10.06 -0.811171
10.08 -0.799312
10.10 -0.787134
10.12 -0.77464
10.14 -0.761837
10.16 -0.748729
10.18 -0.735322
10.20 -0.721621
10.22 -0.707631
10.24 -0.693358
10.26 -0.678807
10.28 -0.663986
10.30 -0.648898
10.32 -0.633551
10.34 -0.617951
10.36 -0.602104
10.38 -0.586016
10.40 -0.569693
10.42 -0.553143
10.44 -0.536371
10.46 -0.519385
10.48 -0.502191
10.50 -0.484796
10.52 -0.467207
10.54 -0.449432
10.56 -0.431476
10.58 -0.413348
10.60 -0.395055
10.62 -0.376604
10.64 -0.358002
10.66 -0.339257
10.68 -0.320376
10.70 -0.301367
10.72 -0.282238
10.74 -0.262996
10.76 -0.243648
10.78 -0.224203
10.80 -0.204669
10.82 -0.185052
10.84 -0.165362
10.86 -0.145605
10.88 -0.12579
10.90 -0.105925
10.92 -0.0860176
10.94 -0.0660756
10.96 -0.0461073
10.98 -0.0261205
11.00 -0.00612327
11.02 0.0138764
11.04 0.0338705
11.06 0.0538511
11.08 0.0738102
11.10 0.0937397
11.12 0.113632
11.14 0.133478
11.16 0.153271
11.18 0.173003
11.20 0.192666
11.22 0.212252
11.24 0.231752
11.26 0.251161
11.28 0.270468
11.30 0.289668
11.32 0.308751
11.34 0.327711
11.36 0.34654
11.38 0.365231
11.40 0.383775
11.42 0.402166
11.44 0.420396
11.46 0.438457
11.48 0.456344
11.50 0.474048
11.52 0.491562
11.54 0.50888
11.56 0.525994
11.58 0.542898
11.60 0.559585
11.62 0.576048
11.64 0.592281
11.66 0.608276
11.68 0.624029
11.70 0.639532
11.72 0.654779
11.74 0.669764
11.76 0.684481
11.78 0.698924
11.80 0.713088
11.82 0.726967
11.84 0.740555
11.86 0.753847
11.88 0.766837
11.90 0.779521
11.92 0.791893
11.94 0.803948
11.96 0.815682
11.98 0.827089
12.00 0.838166
12.02 0.848907
12.04 0.859309
12.06 0.869367
12.08 0.879078
12.10 0.888436
12.12 0.89744
12.14 0.906085
12.16 0.914367
12.18 0.922283
12.20 0.929831
12.22 0.937006
12.24 0.943807
12.26 0.950231
12.28 0.956274
12.30 0.961935
12.32 0.967212
12.34 0.972101
12.36 0.976602
12.38 0.980712
12.40 0.98443
12.42 0.987754
12.44 0.990684
12.46 0.993217
12.48 0.995352
12.50 0.99709
12.52 0.998429
12.54 0.999369
12.56 0.999908
12.58 1.00005
12.60 0.999788
12.62 0.999129
12.64 0.998069
12.66 0.996611
12.68 0.994753
12.70 0.992498
12.72 0.989846
12.74 0.986798
12.76 0.983356
12.78 0.97952
12.80 0.975292
12.82 0.970674
12.84 0.965668
12.86 0.960276
12.88 0.9545
12.90 0.948342
12.92 0.941805
12.94 0.934891
12.96 0.927603
12.98 0.919944
13.00 0.911917
13.02 0.903525
13.04 0.894772
13.06 0.885662
13.08 0.876197
13.10 0.866382
13.12 0.85622
13.14 0.845715
13.16 0.834873
13.18 0.823696
13.20 0.81219
13.22 0.800359
13.24 0.788209
13.26 0.775743
13.28 0.762966
13.30 0.749885
13.32 0.736503
13.34 0.722827
13.36 0.708862
13.38 0.694613
13.40 0.680087
13.42 0.665289
13.44 0.650224
13.46 0.634899
13.48 0.619321
13.50 0.603495
13.52 0.587427
13.54 0.571125
13.56 0.554594
13.58 0.537841
13.60 0.520873
13.62 0.503697
13.64 0.486319
13.66 0.468747
13.68 0.450987
13.70 0.433047
13.72 0.414934
13.74 0.396654
13.76 0.378217
13.78 0.359627
13.80 0.340894
13.82 0.322025
13.84 0.303027
13.86 0.283908
13.88 0.264675
13.90 0.245336
13.92 0.2259
13.94 0.206372
13.96 0.186763
13.98 0.167078
14.00 0.147327
14.02 0.127517
14.04 0.107656
14.06 0.0877518
14.08 0.0678126
14.10 0.0478462
14.12 0.0278607
14.14 0.00786408
14.16 -0.0121357
14.18 -0.0321306
14.20 -0.0521127
14.22 -0.072074
14.24 -0.0920064
14.26 -0.111902
14.28 -0.131753
14.30 -0.151551
14.32 -0.171289
14.34 -0.190958
14.36 -0.21055
14.38 -0.230059
14.40 -0.249475
14.42 -0.268792
14.44 -0.288001
14.46 -0.307095
14.48 -0.326066
14.50 -0.344907
14.52 -0.36361
14.54 -0.382167
14.56 -0.400572
14.58 -0.418816
14.60 -0.436893
14.62 -0.454795
14.64 -0.472515
14.66 -0.490046
14.68 -0.507381
14.70 -0.524514
14.72 -0.541436
14.74 -0.558142
14.76 -0.574625
14.78 -0.590877
14.80 -0.606894
14.82 -0.622668
14.84 -0.638192
14.86 -0.653462
14.88 -0.66847
14.90 -0.683211
14.92 -0.697679
14.94 -0.711867
14.96 -0.725771
14.98 -0.739385
15.00 -0.752702
15.02 -0.765719
15.04 -0.77843
15.06 -0.790829
15.08 -0.802912
15.10 -0.814674
15.12 -0.82611
15.14 -0.837215
15.16 -0.847986
15.18 -0.858417
15.20 -0.868506
15.22 -0.878246
15.24 -0.887636
15.26 -0.89667
15.28 -0.905346
15.30 -0.91366
15.32 -0.921609
15.34 -0.929189
15.36 -0.936397
15.38 -0.943231
15.40 -0.949687
15.42 -0.955764
15.44 -0.961458
15.46 -0.966768
15.48 -0.971691
15.50 -0.976226
15.52 -0.98037
15.54 -0.984122
15.56 -0.98748
15.58 -0.990444
15.60 -0.993011
15.62 -0.995181
15.64 -0.996953
15.66 -0.998326
15.68 -0.9993
15.70 -0.999875
15.72 -1.00005
15.74 -0.999824
15.76 -0.999198
15.78 -0.998173
15.80 -0.996749
15.82 -0.994926
15.84 -0.992706
15.86 -0.990088
15.88 -0.987074
15.90 -0.983665
15.92 -0.979863
15.94 -0.975669
15.96 -0.971085
15.98 -0.966113
16.00 -0.960754
16.02 -0.955011
16.04 -0.948886
16.06 -0.942381
16.08 -0.9355
16.10 -0.928244
16.12 -0.920617
16.14 -0.912622
16.16 -0.904262
16.18 -0.89554
16.20 -0.88646
16.22 -0.877026
16.24 -0.86724
16.26 -0.857108
16.28 -0.846633
16.30 -0.835819
16.32 -0.824672
16.34 -0.813194
16.36 -0.801391
16.38 -0.789268
16.40 -0.776828
16.42 -0.764079
16.44 -0.751023
16.46 -0.737668
16.48 -0.724017
16.50 -0.710076
16.52 -0.695852
16.54 -0.68135
16.56 -0.666574
16.58 -0.651533
16.60 -0.63623
16.62 -0.620674
16.64 -0.604869
16.66 -0.588822
16.68 -0.572539
16.70 -0.556028
16.72 -0.539294
16.74 -0.522345
16.76 -0.505187
16.78 -0.487827
16.80 -0.470271
16.82 -0.452528
16.84 -0.434604
16.86 -0.416505
16.88 -0.398241
16.90 -0.379817
16.92 -0.361241
16.94 -0.34252
16.96 -0.323663
16.98 -0.304676
17.00 -0.285567
17.02 -0.266344
17.04 -0.247015
17.06 -0.227587
17.08 -0.208067
17.10 -0.188465
17.12 -0.168787
17.14 -0.149042
17.16 -0.129237
17.18 -0.10938
17.20 -0.08948
17.22 -0.0695438
17.24 -0.0495798
17.26 -0.0295961
17.28 -0.00960043
17.30 0.010399
17.32 0.0303943
17.34 0.0503775
17.36 0.0703405
17.38 0.0902754
17.40 0.110174
17.42 0.130029
17.44 0.149832
17.46 0.169574
17.48 0.189249
17.50 0.208849
17.52 0.228364
17.54 0.247789
17.56 0.267114
17.58 0.286332
17.60 0.305436
17.62 0.324418
17.64 0.34327
17.66 0.361985
17.68 0.380555
17.70 0.398973
17.72 0.417231
17.74 0.435322
17.76 0.45324
17.78 0.470976
17.80 0.488523
17.82 0.505876
17.84 0.523026
17.86 0.539966
17.88 0.556691
17.90 0.573193
17.92 0.589466
17.94 0.605503
17.96 0.621298
17.98 0.636844
18.00 0.652136
18.02 0.667167
18.04 0.681931
18.06 0.696422
18.08 0.710635
18.10 0.724563
18.12 0.738202
18.14 0.751546
18.16 0.764589
18.18 0.777326
18.20 0.789753
18.22 0.801863
18.24 0.813653
18.26 0.825117
18.28 0.836252
18.30 0.847052
18.32 0.857513
18.34 0.867631
18.36 0.877402
18.38 0.886822
18.40 0.895887
18.42 0.904595
18.44 0.91294
18.46 0.92092
18.48 0.928532
18.50 0.935773
18.52 0.942639
18.54 0.949128
18.56 0.955238
18.58 0.960965
18.60 0.966308
18.62 0.971265
18.64 0.975833
18.66 0.980011
18.68 0.983797
18.70 0.98719
18.72 0.990187
18.74 0.992789
18.76 0.994993
18.78 0.9968
18.80 0.998208
18.82 0.999217
18.84 0.999826
18.86 1.00004
18.88 0.999845
18.90 0.999254
18.92 0.998264
18.94 0.996875
18.96 0.995087
18.98 0.992901
19.00 0.990318
19.02 0.987338
19.04 0.983964
19.06 0.980196
19.08 0.976037
19.10 0.971486
19.12 0.966548
19.14 0.961222
19.16 0.955513
19.18 0.949421
19.20 0.942949
19.22 0.9361
19.24 0.928877
19.26 0.921282
19.28 0.913319
19.30 0.904991
19.32 0.8963
19.34 0.887251
19.36 0.877848
19.38 0.868093
19.40 0.857991
19.42 0.847546
19.44 0.836762
19.46 0.825643
19.48 0.814194
19.50 0.802419
19.52 0.790324
19.54 0.777912
19.56 0.765189
19.58 0.75216
19.60 0.738831
19.62 0.725206
19.64 0.71129
19.66 0.697091
19.68 0.682612
19.70 0.667861
19.72 0.652842
19.74 0.637563
19.76 0.622028
19.78 0.606245
19.80 0.590219
19.82 0.573957
19.84 0.557465
19.86 0.540751
19.88 0.52382
19.90 0.50668
19.92 0.489337
19.94 0.471799
19.96 0.454072
19.98 0.436163
20.00 0.418079
20.02 0.399829
20.04 0.381419
20.06 0.362856
20.08 0.344148
20.10 0.325302
20.12 0.306326
20.14 0.287228
20.16 0.268015
20.18 0.248694
20.20 0.229275
20.22 0.209763
20.24 0.190168
20.26 0.170496
20.28 0.150757
20.30 0.130957
20.32 0.111105
20.34 0.091208
20.36 0.0712748
20.38 0.0513132
20.40 0.031331
20.42 0.0113363
20.44 -0.00866299
20.46 -0.0286588
20.48 -0.0486431
20.50 -0.068608
20.52 -0.0885454
20.54 -0.108447
20.56 -0.128306
20.58 -0.148113
20.60 -0.167862
20.62 -0.187542
20.64 -0.207148
20.66 -0.226671
20.68 -0.246104
20.70 -0.265438
20.72 -0.284666
20.74 -0.30378
20.76 -0.322772
20.78 -0.341636
20.80 -0.360362
20.82 -0.378945
20.84 -0.397376
20.86 -0.415648
20.88 -0.433754
20.90 -0.451687
20.92 -0.469439
20.94 -0.487003
20.96 -0.504372
20.98 -0.52154
21.00 -0.538499
21.02 -0.555242
21.04 -0.571764
21.06 -0.588057
21.08 -0.604114
21.10 -0.61993
21.12 -0.635499
21.14 -0.650812
21.16 -0.665866
21.18 -0.680654
21.20 -0.695169
21.22 -0.709406
21.24 -0.723359
21.26 -0.737023
21.28 -0.750392
21.30 -0.763462
21.32 -0.776225
21.34 -0.788679
21.36 -0.800817
21.38 -0.812634
21.40 -0.824127
21.42 -0.83529
21.44 -0.846119
21.46 -0.85661
21.48 -0.866758
21.50 -0.876559
21.52 -0.88601
21.54 -0.895106
21.56 -0.903844
21.58 -0.912221
21.60 -0.920233
21.62 -0.927877
21.64 -0.93515
21.66 -0.942049
21.68 -0.948571
21.70 -0.954714
21.72 -0.960475
21.74 -0.965852
21.76 -0.970842
21.78 -0.975445
21.80 -0.979657
21.82 -0.983477
21.84 -0.986904
21.86 -0.989937
21.88 -0.992573
21.90 -0.994812
21.92 -0.996654
21.94 -0.998097
21.96 -0.99914
21.98 -0.999784
22.00 -1.00003
22.02 -0.999873
22.04 -0.999317
22.06 -0.998362
22.08 -0.997007
22.10 -0.995254
22.12 -0.993102
22.14 -0.990553
22.16 -0.987608
22.18 -0.984268
22.20 -0.980535
22.22 -0.976409
22.24 -0.971893
22.26 -0.966988
22.28 -0.961697
22.30 -0.95602
22.32 -0.949962
22.34 -0.943523
22.36 -0.936708
22.38 -0.929517
22.40 -0.921955
22.42 -0.914024
22.44 -0.905727
22.46 -0.897068
22.48 -0.88805
22.50 -0.878677
22.52 -0.868953
22.54 -0.858881
22.56 -0.848466
22.58 -0.837711
22.60 -0.826621
22.62 -0.815201
22.64 -0.803454
22.66 -0.791387
22.68 -0.779002
22.70 -0.766306
22.72 -0.753304
22.74 -0.74
22.76 -0.7264
22.78 -0.71251
22.80 -0.698335
22.82 -0.683881
22.84 -0.669153
22.86 -0.654157
22.88 -0.6389
22.90 -0.623387
22.92 -0.607625
22.94 -0.59162
22.96 -0.575378
22.98 -0.558907
23.00 -0.542211
23.02 -0.525299
23.04 -0.508177
23.06 -0.490851
23.08 -0.47333
23.10 -0.455619
23.12 -0.437725
23.14 -0.419657
23.16 -0.401421
23.18 -0.383024
23.20 -0.364474
23.22 -0.345778
23.24 -0.326944
23.26 -0.307979
23.28 -0.288891
23.30 -0.269688
23.32 -0.250376
23.34 -0.230965
23.36 -0.211461
23.38 -0.191872
23.40 -0.172207
23.42 -0.152473
23.44 -0.132678
23.46 -0.112829
23.48 -0.0929361
23.50 -0.0730056
23.52 -0.053046
23.54 -0.0330651
23.56 -0.013071
23.58 0.00692838
23.60 0.026925
23.62 0.0469108
23.64 0.0668778
23.66 0.0868181
23.68 0.106724
23.70 0.126587
23.72 0.146399
23.74 0.166153
23.76 0.18584
23.78 0.205453
23.80 0.224984
23.82 0.244424
23.84 0.263767
23.86 0.283005
23.88 0.302129
23.90 0.321133
23.92 0.340008
23.94 0.358747
23.96 0.377343
23.98 0.395787
24.00 0.414074
24.02 0.432195
24.04 0.450143
24.06 0.467911
24.08 0.485492
24.10 0.502878
24.12 0.520064
24.14 0.537041
24.16 0.553804
24.18 0.570345
24.20 0.586658
24.22 0.602737
24.24 0.618574
24.26 0.634164
24.28 0.649501
24.30 0.664577
24.32 0.679388
24.34 0.693927
24.36 0.708189
24.38 0.722167
24.40 0.735857
24.42 0.749252
24.44 0.762347
24.46 0.775138
24.48 0.787619
24.50 0.799784
24.52 0.81163
24.54 0.823151
24.56 0.834343
24.58 0.845201
24.60 0.855721
24.62 0.865899
24.64 0.87573
24.66 0.885212
24.68 0.894339
24.70 0.903108
24.72 0.911517
24.74 0.919561
24.76 0.927237
24.78 0.934542
24.80 0.941473
24.82 0.948028
24.84 0.954204
24.86 0.959998
24.88 0.965408
24.90 0.970432
24.92 0.975067
24.94 0.979313
24.96 0.983168
24.98 0.986628
25.00 0.989695
25.02 0.992365
25.04 0.994639
25.06 0.996515
25.08 0.997992
25.10 0.99907
25.12 0.999749
25.14 1.00003
25.16 0.999907
25.18 0.999386
25.20 0.998465
25.22 0.997145
25.24 0.995426
25.26 0.993309
25.28 0.990795
25.30 0.987884
25.32 0.984578
25.34 0.980879
25.36 0.976787
25.38 0.972305
25.40 0.967433
25.42 0.962175
25.44 0.956532
25.46 0.950507
25.48 0.944101
25.50 0.937318
25.52 0.93016
25.54 0.922629
25.56 0.91473
25.58 0.906465
25.60 0.897838
25.62 0.888851
25.64 0.879509
25.66 0.869815
25.68 0.859773
25.70 0.849388
25.72 0.838662
25.74 0.827602
25.76 0.81621
25.78 0.804491
25.80 0.792451
25.82 0.780094
25.84 0.767425
25.86 0.754449
25.88 0.741172
25.90 0.727598
25.92 0.713733
25.94 0.699582
25.96 0.685152
25.98 0.670447
26.00 0.655475
26.02 0.64024
26.04 0.624749
26.06 0.609008
26.08 0.593024
26.10 0.576803
26.12 0.560351
26.14 0.543675
26.16 0.526781
26.18 0.509677
26.20 0.492369
26.22 0.474864
26.24 0.457169
26.26 0.439291
26.28 0.421237
26.30 0.403015
26.32 0.384632
26.34 0.366095
26.36 0.347412
26.38 0.328589
26.40 0.309635
26.42 0.290558
26.44 0.271364
26.46 0.252061
26.48 0.232658
26.50 0.213162
26.52 0.19358
26.54 0.173921
26.56 0.154193
26.58 0.134403
26.60 0.114559
26.62 0.094669
26.64 0.0747414
26.66 0.0547839
26.68 0.0348045
26.70 0.0148111
26.72 -0.00518814
26.74 -0.0251853
26.76 -0.0451724
26.78 -0.0651415
26.80 -0.0850845
26.82 -0.104993
26.84 -0.12486
26.86 -0.144678
26.88 -0.164437
26.90 -0.18413
26.92 -0.20375
26.94 -0.223288
26.96 -0.242737
26.98 -0.262089
27.00 -0.281336
27.02 -0.30047
27.04 -0.319485
27.06 -0.338371
27.08 -0.357123
27.10 -0.375731
27.12 -0.394189
27.14 -0.41249
27.16 -0.430625
27.18 -0.448588
27.20 -0.466372
27.22 -0.48397
27.24 -0.501374
27.26 -0.518577
27.28 -0.535573
27.30 -0.552355
27.32 -0.568916
27.34 -0.585249
27.36 -0.601348
27.38 -0.617207
27.40 -0.632818
27.42 -0.648177
27.44 -0.663276
27.46 -0.67811
27.48 -0.692673
27.50 -0.706959
27.52 -0.720962
27.54 -0.734677
27.56 -0.748098
27.58 -0.76122
27.60 -0.774037
27.62 -0.786544
27.64 -0.798737
27.66 -0.810611
27.68 -0.82216
27.70 -0.833381
27.72 -0.844268
27.74 -0.854817
27.76 -0.865025
27.78 -0.874887
27.80 -0.884398
27.82 -0.893557
27.84 -0.902357
27.86 -0.910797
27.88 -0.918873
27.90 -0.926581
27.92 -0.933918
27.94 -0.940882
27.96 -0.947469
27.98 -0.953678
28.00 -0.959505
28.02 -0.964949
28.04 -0.970006
28.06 -0.974676
28.08 -0.978956
28.10 -0.982844
28.12 -0.986339
28.14 -0.98944
28.16 -0.992145
28.18 -0.994453
28.20 -0.996364
28.22 -0.997876
28.24 -0.998989
28.26 -0.999702
28.28 -1.00002
28.30 -0.999929
28.32 -0.999442
28.34 -0.998556
28.36 -0.997271
28.38 -0.995586
28.40 -0.993504
28.42 -0.991024
28.44 -0.988148
28.46 -0.984876
28.48 -0.981211
28.50 -0.977153
28.52 -0.972705
28.54 -0.967867
28.56 -0.962643
28.58 -0.957033
28.60 -0.951041
28.62 -0.944668
28.64 -0.937918
28.66 -0.930792
28.68 -0.923294
28.70 -0.915427
28.72 -0.907193
28.74 -0.898597
28.76 -0.889642
28.78 -0.88033
28.80 -0.870666
28.82 -0.860655
28.84 -0.850299
28.86 -0.839602
28.88 -0.82857
28.90 -0.817207
28.92 -0.805517
28.94 -0.793505
28.96 -0.781175
28.98 -0.768533
29.00 -0.755583
29.02 -0.742331
29.04 -0.728783
29.06 -0.714943
29.08 -0.700816
29.10 -0.68641
29.12 -0.671729
29.14 -0.656779
29.16 -0.641567
29.18 -0.626098
29.20 -0.610379
29.22 -0.594416
29.24 -0.578215
29.26 -0.561782
29.28 -0.545125
29.30 -0.52825
29.32 -0.511164
29.34 -0.493873
29.36 -0.476385
29.38 -0.458706
29.40 -0.440844
29.42 -0.422805
29.44 -0.404597
29.46 -0.386228
29.48 -0.367704
29.50 -0.349033
29.52 -0.330222
29.54 -0.311279
29.56 -0.292212
29.58 -0.273028
29.60 -0.253734
29.62 -0.234339
29.64 -0.214851
29.66 -0.195276
29.68 -0.175624
29.70 -0.155901
29.72 -0.136116
29.74 -0.116276
29.76 -0.0963898
29.78 -0.076465
29.80 -0.0565097
29.82 -0.0365318
29.84 -0.0165393
29.86 0.00345983
29.88 0.0234576
29.90 0.0434459
29.92 0.0634169
29.94 0.0833626
29.96 0.103275
29.98 0.123146
30.00 0.142968
30.02 0.162732
30.04 0.182432
30.06 0.202058
30.08 0.221604
30.10 0.241061
30.12 0.260422
30.14 0.279678
30.16 0.298823
30.18 0.317848
30.20 0.336746
30.22 0.355509
30.24 0.37413
30.26 0.392602
30.28 0.410916
30.30 0.429067
30.32 0.447045
30.34 0.464845
30.36 0.482459
30.38 0.49988
30.40 0.517101
30.42 0.534115
30.44 0.550916
30.46 0.567496
30.48 0.583849
30.50 0.599969
30.52 0.615849
30.54 0.631482
30.56 0.646863
30.58 0.661986
30.60 0.676843
30.62 0.69143
30.64 0.70574
30.66 0.719768
30.68 0.733508
30.70 0.746955
30.72 0.760102
30.74 0.772946
30.76 0.785481
30.78 0.797702
30.80 0.809603
30.82 0.821181
30.84 0.832431
30.86 0.843347
30.88 0.853927
30.90 0.864164
30.92 0.874057
30.94 0.883599
30.96 0.892789
30.98 0.901621
31.00 0.910092
31.02 0.9182
31.04 0.925941
31.06 0.933311
31.08 0.940307
31.10 0.946928
31.12 0.95317
31.14 0.959031
31.16 0.964508
31.18 0.969599
31.20 0.974303
31.22 0.978617
31.24 0.982539
31.26 0.986069
31.28 0.989204
31.30 0.991944
31.32 0.994287
31.34 0.996232
31.36 0.997779
31.38 0.998926
31.40 0.999675
31.42 1.00002
31.44 0.999972
31.46 0.99952
31.48 0.998669
31.50 0.997418
31.52 0.995769
31.54 0.993721
31.56 0.991276
31.58 0.988434
31.60 0.985197
31.62 0.981566
31.64 0.977543
31.66 0.973128
31.68 0.968324
31.70 0.963133
31.72 0.957557
31.74 0.951598
31.76 0.945258
31.78 0.93854
31.80 0.931447
31.82 0.923981
31.84 0.916145
31.86 0.907943
31.88 0.899379
31.90 0.890454
31.92 0.881173
31.94 0.87154
31.96 0.861559
31.98 0.851232
32.00 0.840566
32.02 0.829563
32.04 0.818228
32.06 0.806566
32.08 0.794582
32.10 0.782279
32.12 0.769664
32.14 0.756741
32.16 0.743515
32.18 0.729993
32.20 0.716178
32.22 0.702076
32.24 0.687694
32.26 0.673037
32.28 0.658111
32.30 0.642921
32.32 0.627474
32.34 0.611777
32.36 0.595834
32.38 0.579654
32.40 0.563241
32.42 0.546604
32.44 0.529747
32.46 0.512679
32.48 0.495406
32.50 0.477934
32.52 0.460272
32.54 0.442425
32.56 0.424401
32.58 0.406208
32.60 0.387852
32.62 0.369341
32.64 0.350682
32.66 0.331884
32.68 0.312952
32.70 0.293895
32.72 0.274721
32.74 0.255437
32.76 0.23605
32.78 0.21657
32.80 0.197002
32.82 0.177356
32.84 0.157639
32.86 0.137859
32.88 0.118023
32.90 0.098141
32.92 0.0782192
32.94 0.0582662
32.96 0.0382898
32.98 0.0182982
33.00 -0.00170076
33.02 -0.021699
33.04 -0.0416886
33.06 -0.0616616
33.08 -0.0816098
33.10 -0.101525
33.12 -0.1214
33.14 -0.141227
33.16 -0.160997
33.18 -0.180703
33.20 -0.200336
33.22 -0.219889
33.24 -0.239354
33.26 -0.258724
33.28 -0.27799
33.30 -0.297145
33.32 -0.316181
33.34 -0.335091
33.36 -0.353866
33.38 -0.3725
33.40 -0.390985
33.42 -0.409314
33.44 -0.427479
33.46 -0.445473
33.48 -0.463289
33.50 -0.48092
33.52 -0.498358
33.54 -0.515597
33.56 -0.53263
33.58 -0.54945
33.60 -0.56605
33.62 -0.582423
33.64 -0.598564
33.66 -0.614465
33.68 -0.630121
33.70 -0.645524
33.72 -0.66067
33.74 -0.675551
33.76 -0.690161
33.78 -0.704496
33.80 -0.718549
33.82 -0.732315
33.84 -0.745788
33.86 -0.758962
33.88 -0.771833
33.90 -0.784396
33.92 -0.796644
33.94 -0.808574
33.96 -0.820181
33.98 -0.831459
34.00 -0.842405
34.02 -0.853014
34.04 -0.863281
34.06 -0.873204
34.08 -0.882777
34.10 -0.891997
34.12 -0.900861
34.14 -0.909364
34.16 -0.917503
34.18 -0.925276
34.20 -0.932678
34.22 -0.939707
34.24 -0.946361
34.26 -0.952636
34.28 -0.95853
34.30 -0.964041
34.32 -0.969166
34.34 -0.973903
34.36 -0.978251
34.38 -0.982208
34.40 -0.985772
34.42 -0.988942
34.44 -0.991716
34.46 -0.994094
34.48 -0.996074
34.50 -0.997656
34.52 -0.998838
34.54 -0.999621
34.56 -1
34.58 -0.999988
34.60 -0.999572
34.62 -0.998755
34.64 -0.997539
34.66 -0.995924
34.68 -0.993911
34.70 -0.991501
34.72 -0.988693
34.74 -0.985491
34.76 -0.981894
34.78 -0.977905
34.80 -0.973524
34.82 -0.968754
34.84 -0.963597
34.86 -0.958054
34.88 -0.952128
34.90 -0.945822
34.92 -0.939137
34.94 -0.932077
34.96 -0.924643
34.98 -0.91684
35.00 -0.908671
35.02 -0.900137
35.04 -0.891244
35.06 -0.881995
35.08 -0.872392
35.10 -0.862441
35.12 -0.852145
35.14 -0.841508
35.16 -0.830534
35.18 -0.819229
35.20 -0.807595
35.22 -0.795639
35.24 -0.783365
35.26 -0.770777
35.28 -0.757881
35.30 -0.744682
35.32 -0.731185
35.34 -0.717395
35.36 -0.703319
35.38 -0.688961
35.40 -0.674328
35.42 -0.659426
35.44 -0.644259
35.46 -0.628835
35.48 -0.613159
35.50 -0.597239
35.52 -0.581079
35.54 -0.564687
35.56 -0.548069
35.58 -0.531231
35.60 -0.514182
35.62 -0.496926
35.64 -0.479472
35.66 -0.461826
35.68 -0.443996
35.70 -0.425988
35.72 -0.407809
35.74 -0.389468
35.76 -0.37097
35.78 -0.352325
35.80 -0.333538
35.82 -0.314618
35.84 -0.295572
35.86 -0.276408
35.88 -0.257134
35.90 -0.237757
35.92 -0.218284
35.94 -0.198724
35.96 -0.179085
35.98 -0.159374
36.00 -0.1396
36.02 -0.119769
36.04 -0.0998911
36.06 -0.0799728
36.08 -0.0600225
36.10 -0.0400483
36.12 -0.020058
36.14 -5.97499e-05
36.16 0.0199386
36.18 0.0399289
36.20 0.0599033
36.22 0.0798537
36.24 0.0997721
36.26 0.119651
36.28 0.139481
36.30 0.159256
36.32 0.178968
36.34 0.198607
36.36 0.218167
36.38 0.23764
36.40 0.257018
36.42 0.276294
36.44 0.295458
36.46 0.314505
36.48 0.333425
36.50 0.352213
36.52 0.370859
36.54 0.389357
36.56 0.4077
36.58 0.425879
36.60 0.443888
36.62 0.46172
36.64 0.479366
36.66 0.496821
36.68 0.514078
36.70 0.531129
36.72 0.547967
36.74 0.564586
36.76 0.58098
36.78 0.597141
36.80 0.613063
36.82 0.62874
36.84 0.644166
36.86 0.659334
36.88 0.674238
36.90 0.688873
36.92 0.703232
36.94 0.71731
36.96 0.731101
36.98 0.7446
37.00 0.757801
37.02 0.770699
37.04 0.783288
37.06 0.795564
37.08 0.807523
37.10 0.819158
37.12 0.830465
37.14 0.841441
37.16 0.85208
37.18 0.862378
37.20 0.872331
37.22 0.881936
37.24 0.891187
37.26 0.900082
37.28 0.908617
37.30 0.916789
37.32 0.924594
37.34 0.93203
37.36 0.939092
37.38 0.945779
37.40 0.952088
37.42 0.958016
37.44 0.963561
37.46 0.96872
37.48 0.973492
37.50 0.977874
37.52 0.981866
37.54 0.985465
37.56 0.988669
37.58 0.991479
37.60 0.993892
37.62 0.995907
37.64 0.997524
37.66 0.998742
37.68 0.99956
37.70 0.999979
37.72 0.999998
37.74 0.999616
37.76 0.998835
37.78 0.997655
37.80 0.996075
37.82 0.994097
37.84 0.991722
37.86 0.98895
37.88 0.985782
37.90 0.98222
37.92 0.978266
37.94 0.97392
37.96 0.969184
37.98 0.964061
38.00 0.958552
38.02 0.95266
38.04 0.946387
38.06 0.939736
38.08 0.932708
38.10 0.925308
38.12 0.917538
38.14 0.9094
38.16 0.900899
38.18 0.892038
38.20 0.88282
38.22 0.873248
38.24 0.863328
38.26 0.853062
38.28 0.842455
38.30 0.831511
38.32 0.820234
38.34 0.80863
38.36 0.796702
38.38 0.784455
38.40 0.771895
38.42 0.759026
38.44 0.745853
38.46 0.732382
38.48 0.718618
38.50 0.704567
38.52 0.690234
38.54 0.675625
38.56 0.660745
38.58 0.645601
38.60 0.630199
38.62 0.614545
38.64 0.598646
38.66 0.582506
38.68 0.566134
38.70 0.549536
38.72 0.532718
38.74 0.515686
38.76 0.498449
38.78 0.481012
38.80 0.463383
38.82 0.445568
38.84 0.427575
38.86 0.409411
38.88 0.391084
38.90 0.3726
38.92 0.353967
38.94 0.335192
38.96 0.316283
38.98 0.297248
39.00 0.278094
39.02 0.258829
39.04 0.23946
39.06 0.219996
39.08 0.200443
39.10 0.180811
39.12 0.161106
39.14 0.141336
39.16 0.12151
39.18 0.101636
39.20 0.0817204
39.22 0.0617725
39.24 0.0417999
39.26 0.0218106
39.28 0.00181253
39.30 -0.0181862
39.32 -0.0381777
39.34 -0.0581539
39.36 -0.0781069
39.38 -0.0980286
39.40 -0.117911
39.42 -0.137747
39.44 -0.157527
39.46 -0.177244
39.48 -0.19689
39.50 -0.216458
39.52 -0.235939
39.54 -0.255326
39.56 -0.27461
39.58 -0.293785
39.60 -0.312842
39.62 -0.331774
39.64 -0.350574
39.66 -0.369233
39.68 -0.387745
39.70 -0.406101
39.72 -0.424295
39.74 -0.44232
39.76 -0.460167
39.78 -0.47783
39.80 -0.495303
39.82 -0.512577
39.84 -0.529646
39.86 -0.546503
39.88 -0.563142
39.90 -0.579556
39.92 -0.595737
39.94 -0.611681
39.96 -0.62738
39.98 -0.642828
40.00 -0.658018


0.00 1
0.02 1
0.04 0.999603
0.06 0.998813
0.08 0.997633
0.10 0.996066
0.12 0.994117
0.14 0.991789
0.16 0.989085
0.18 0.986011
0.20 0.982569
0.22 0.978765
0.24 0.974603
0.26 0.970088
0.28 0.965223
0.30 0.960014
0.32 0.954465
0.34 0.948582
0.36 0.942369
0.38 0.935831
0.40 0.928974
0.42 0.921802
0.44 0.914322
0.46 0.906539
0.48 0.898457
0.50 0.890084
0.52 0.881423
0.54 0.872482
0.56 0.863265
0.58 0.853778
0.60 0.844029
0.62 0.834022
0.64 0.823763
0.66 0.813259
0.68 0.802515
0.70 0.791538
0.72 0.780335
0.74 0.768911
0.76 0.757272
0.78 0.745425
0.80 0.733376
0.82 0.721132
0.84 0.708699
0.86 0.696084
0.88 0.683292
0.90 0.670331
0.92 0.657207
0.94 0.643926
0.96 0.630495
0.98 0.61692
1.00 0.603209
1.02 0.589367
1.04 0.575401
1.06 0.561317
1.08 0.547122
1.10 0.532823
1.12 0.518426
1.14 0.503938
1.16 0.489364
1.18 0.474713
1.20 0.459989
1.22 0.445199
1.24 0.43035
1.26 0.415448
1.28 0.4005
1.30 0.385511
1.32 0.370489
1.34 0.355438
1.36 0.340366
1.38 0.325279
1.40 0.310182
1.42 0.295082
1.44 0.279984
1.46 0.264896
1.48 0.249822
1.50 0.234768
1.52 0.219741
1.54 0.204746
1.56 0.189788
1.58 0.174874
1.60 0.160009
1.62 0.145199
1.64 0.130448
1.66 0.115763
1.68 0.101148
1.70 0.0866097
1.72 0.0721519
1.74 0.0577803
1.76 0.0434998
1.78 0.0293153
1.80 0.0152319
1.82 0.00125411
1.84 -0.0126132
1.86 -0.0263654
1.88 -0.0399981
1.90 -0.0535067
1.92 -0.0668868
1.94 -0.0801342
1.96 -0.0932447
1.98 -0.106214
2.00 -0.119038
2.02 -0.131714
2.04 -0.144236
2.06 -0.156602
2.08 -0.168808
2.10 -0.180849
2.12 -0.192724
2.14 -0.204427
2.16 -0.215957
2.18 -0.22731
2.20 -0.238482
2.22 -0.249471
2.24 -0.260274
2.26 -0.270887
2.28 -0.281309
2.30 -0.291537
2.32 -0.301568
2.34 -0.311399
2.36 -0.321029
2.38 -0.330456
2.40 -0.339676
2.42 -0.348688
2.44 -0.35749
2.46 -0.366081
2.48 -0.374458
2.50 -0.382621
2.52 -0.390566
2.54 -0.398294
2.56 -0.405802
2.58 -0.413089
2.60 -0.420155
2.62 -0.426998
2.64 -0.433617
2.66 -0.440012
2.68 -0.446182
2.70 -0.452125
2.72 -0.457842
2.74 -0.463332
2.76 -0.468594
2.78 -0.473629
2.80 -0.478435
2.82 -0.483014
2.84 -0.487365
2.86 -0.491488
2.88 -0.495383
2.90 -0.49905
2.92 -0.502491
2.94 -0.505705
2.96 -0.508692
2.98 -0.511454
3.00 -0.513992
3.02 -0.516305
3.04 -0.518395
3.06 -0.520262
3.08 -0.521909
3.10 -0.523335
3.12 -0.524542
3.14 -0.525532
3.16 -0.526305
3.18 -0.526863
3.20 -0.527208
3.22 -0.527341
3.24 -0.527264
3.26 -0.526978
3.28 -0.526485
3.30 -0.525787
3.32 -0.524886
3.34 -0.523784
3.36 -0.522483
3.38 -0.520985
3.40 -0.519292
3.42 -0.517407
3.44 -0.515331
3.46 -0.513067
3.48 -0.510618
3.50 -0.507985
3.52 -0.505172
3.54 -0.502181
3.56 -0.499014
3.58 -0.495674
3.60 -0.492164
3.62 -0.488487
3.64 -0.484645
3.66 -0.480641
3.68 -0.476478
3.70 -0.47216
3.72 -0.467688
3.74 -0.463066
3.76 -0.458297
3.78 -0.453384
3.80 -0.44833
3.82 -0.443139
3.84 -0.437813
3.86 -0.432355
3.88 -0.426769
3.90 -0.421058
3.92 -0.415226
3.94 -0.409275
3.96 -0.403209
3.98 -0.39703
4.00 -0.390744
4.02 -0.384352
4.04 -0.377859
4.06 -0.371267
4.08 -0.36458
4.10 -0.357802
4.12 -0.350935
4.14 -0.343984
4.16 -0.336951
4.18 -0.329841
4.20 -0.322656
4.22 -0.3154
4.24 -0.308076
4.26 -0.300688
4.28 -0.29324
4.30 -0.285734
4.32 -0.278175
4.34 -0.270565
4.36 -0.262908
4.38 -0.255208
4.40 -0.247467
4.42 -0.23969
4.44 -0.231879
4.46 -0.224039
4.48 -0.216171
4.50 -0.208281
4.52 -0.20037
4.54 -0.192443
4.56 -0.184502
4.58 -0.176551
4.60 -0.168593
4.62 -0.160631
4.64 -0.152669
4.66 -0.144709
4.68 -0.136755
4.70 -0.12881
4.72 -0.120877
4.74 -0.112959
4.76 -0.105059
4.78 -0.0971802
4.80 -0.0893252
4.82 -0.081497
4.84 -0.0736987
4.86 -0.065933
4.88 -0.0582027
4.90 -0.0505108
4.92 -0.0428598
4.94 -0.0352525
4.96 -0.0276917
4.98 -0.0201798
5.00 -0.0127196
5.02 -0.00531355
5.04 0.00203585
5.06 0.00932611
5.08 0.0165548
5.10 0.0237196
5.12 0.0308181
5.14 0.037848
5.16 0.0448071
5.18 0.0516932
5.20 0.0585041
5.22 0.0652378
5.24 0.0718921
5.26 0.0784651
5.28 0.0849548
5.30 0.0913593
5.32 0.0976766
5.34 0.103905
5.36 0.110043
5.38 0.116088
5.40 0.12204
5.42 0.127896
5.44 0.133654
5.46 0.139314
5.48 0.144873
5.50 0.150331
5.52 0.155686
5.54 0.160937
5.56 0.166082
5.58 0.171121
5.60 0.176052
5.62 0.180873
5.64 0.185585
5.66 0.190185
5.68 0.194674
5.70 0.19905
5.72 0.203312
5.74 0.207459
5.76 0.211492
5.78 0.215408
5.80 0.219208
5.82 0.222891
5.84 0.226456
5.86 0.229903
5.88 0.233231
5.90 0.23644
5.92 0.239531
5.94 0.242501
5.96 0.245352
5.98 0.248083
6.00 0.250693
6.02 0.253184
6.04 0.255554
6.06 0.257804
6.08 0.259934
6.10 0.261944
6.12 0.263834
6.14 0.265604
6.16 0.267255
6.18 0.268787
6.20 0.2702
6.22 0.271494
6.24 0.272671
6.26 0.27373
6.28 0.274672
6.30 0.275497
6.32 0.276207
6.34 0.276801
6.36 0.277281
6.38 0.277647
6.40 0.2779
6.42 0.278041
6.44 0.27807
6.46 0.277989
6.48 0.277798
6.50 0.277498
6.52 0.277091
6.54 0.276577
6.56 0.275957
6.58 0.275233
6.60 0.274405
6.62 0.273475
6.64 0.272443
6.66 0.271312
6.68 0.270082
6.70 0.268755
6.72 0.267332
6.74 0.265813
6.76 0.264202
6.78 0.262498
6.80 0.260704
6.82 0.25882
6.84 0.256849
6.86 0.254792
6.88 0.25265
6.90 0.250424
6.92 0.248117
6.94 0.24573
6.96 0.243264
6.98 0.240721
7.00 0.238103
7.02 0.235411
7.04 0.232647
7.06 0.229813
7.08 0.22691
7.10 0.22394
7.12 0.220905
7.14 0.217806
7.16 0.214645
7.18 0.211425
7.20 0.208146
7.22 0.20481
7.24 0.20142
7.26 0.197976
7.28 0.194482
7.30 0.190938
7.32 0.187346
7.34 0.183708
7.36 0.180027
7.38 0.176303
7.40 0.172539
7.42 0.168736
7.44 0.164897
7.46 0.161022
7.48 0.157115
7.50 0.153176
7.52 0.149207
7.54 0.145211
7.56 0.141189
7.58 0.137143
7.60 0.133074
7.62 0.128985
7.64 0.124877
7.66 0.120753
7.68 0.116613
7.70 0.112459
7.72 0.108295
7.74 0.10412
7.76 0.0999366
7.78 0.0957471
7.80 0.0915529
7.82 0.0873556
7.84 0.083157
7.86 0.0789587
7.88 0.0747623
7.90 0.0705697
7.92 0.0663823
7.94 0.0622017
7.96 0.0580297
7.98 0.0538678
8.00 0.0497175
8.02 0.0455805
8.04 0.0414582
8.06 0.0373521
8.08 0.0332639
8.10 0.0291948
8.12 0.0251465
8.14 0.0211203
8.16 0.0171178
8.18 0.0131401
8.20 0.00918887
8.22 0.00526532
8.24 0.00137082
8.26 -0.00249331
8.28 -0.00632579
8.30 -0.0101253
8.32 -0.0138907
8.34 -0.0176207
8.36 -0.0213141
8.38 -0.0249697
8.40 -0.0285864
8.42 -0.032163
8.44 -0.0356985
8.46 -0.0391918
8.48 -0.0426418
8.50 -0.0460475
8.52 -0.0494079
8.54 -0.052722
8.56 -0.0559889
8.58 -0.0592076
8.60 -0.0623773
8.62 -0.0654971
8.64 -0.0685662
8.66 -0.0715837
8.68 -0.0745488
8.70 -0.0774609
8.72 -0.0803191
8.74 -0.0831227
8.76 -0.0858711
8.78 -0.0885636
8.80 -0.0911996
8.82 -0.0937785
8.84 -0.0962997
8.86 -0.0987627
8.88 -0.101167
8.90 -0.103512
8.92 -0.105797
8.94 -0.108023
8.96 -0.110187
8.98 -0.112291
9.00 -0.114334
9.02 -0.116315
9.04 -0.118234
9.06 -0.120091
9.08 -0.121885
9.10 -0.123617
9.12 -0.125286
9.14 -0.126892
9.16 -0.128436
9.18 -0.129915
9.20 -0.131332
9.22 -0.132685
9.24 -0.133975
9.26 -0.135202
9.28 -0.136365
9.30 -0.137465
9.32 -0.138501
9.34 -0.139474
9.36 -0.140385
9.38 -0.141232
9.40 -0.142017
9.42 -0.142738
9.44 -0.143398
9.46 -0.143995
9.48 -0.144531
9.50 -0.145005
9.52 -0.145418
9.54 -0.145769
9.56 -0.146061
9.58 -0.146291
9.60 -0.146462
9.62 -0.146574
9.64 -0.146626
9.66 -0.14662
9.68 -0.146556
9.70 -0.146434
9.72 -0.146255
9.74 -0.146019
9.76 -0.145728
9.78 -0.14538
9.80 -0.144978
9.82 -0.144522
9.84 -0.144012
9.86 -0.143448
9.88 -0.142832
9.90 -0.142165
9.92 -0.141446
9.94 -0.140677
9.96 -0.139858
9.98 -0.138991
10.00 -0.138075
10.02 -0.137111
10.04 -0.136101
10.06 -0.135044
10.08 -0.133943
10.10 -0.132797
10.12 -0.131607
10.14 -0.130375
10.16 -0.129101
10.18 -0.127785
10.20 -0.12643
10.22 -0.125035
10.24 -0.123601
10.26 -0.12213
10.28 -0.120622
10.30 -0.119078
10.32 -0.117499
10.34 -0.115886
10.36 -0.11424
10.38 -0.112562
10.40 -0.110852
10.42 -0.109112
10.44 -0.107342
10.46 -0.105544
10.48 -0.103718
10.50 -0.101865
10.52 -0.0999872
10.54 -0.0980842
10.56 -0.0961575
10.58 -0.0942078
10.60 -0.0922363
10.62 -0.0902437
10.64 -0.0882312
10.66 -0.0861997
10.68 -0.08415
10.70 -0.0820833
10.72 -0.0800004
10.74 -0.0779022
10.76 -0.0757899
10.78 -0.0736642
10.80 -0.0715261
10.82 -0.0693766
10.84 -0.0672167
10.86 -0.0650472
10.88 -0.0628692
10.90 -0.0606835
10.92 -0.058491
10.94 -0.0562928
10.96 -0.0540896
10.98 -0.0518825
11.00 -0.0496723
11.02 -0.0474599
11.04 -0.0452463
11.06 -0.0430323
11.08 -0.0408187
11.10 -0.0386066
11.12 -0.0363967
11.14 -0.0341899
11.16 -0.031987
11.18 -0.0297889
11.20 -0.0275965
11.22 -0.0254105
11.24 -0.0232318
11.26 -0.0210611
11.28 -0.0188993
11.30 -0.0167472
11.32 -0.0146055
11.34 -0.012475
11.36 -0.0103565
11.38 -0.00825064
11.40 -0.00615825
11.42 -0.00408002
11.44 -0.00201667
11.46 3.11097e-05
11.48 0.00206262
11.50 0.00407719
11.52 0.00607416
11.54 0.00805286
11.56 0.0100127
11.58 0.0119529
11.60 0.0138731
11.62 0.0157725
11.64 0.0176505
11.66 0.0195067
11.68 0.0213404
11.70 0.023151
11.72 0.0249381
11.74 0.0267011
11.76 0.0284396
11.78 0.0301529
11.80 0.0318407
11.82 0.0335025
11.84 0.0351378
11.86 0.0367461
11.88 0.0383271
11.90 0.0398804
11.92 0.0414055
11.94 0.0429021
11.96 0.0443698
11.98 0.0458082
12.00 0.047217
12.02 0.0485959
12.04 0.0499446
12.06 0.0512628
12.08 0.0525501
12.10 0.0538064
12.12 0.0550314
12.14 0.0562248
12.16 0.0573864
12.18 0.0585161
12.20 0.0596135
12.22 0.0606786
12.24 0.0617112
12.26 0.0627111
12.28 0.0636782
12.30 0.0646123
12.32 0.0655134
12.34 0.0663813
12.36 0.067216
12.38 0.0680174
12.40 0.0687855
12.42 0.0695201
12.44 0.0702214
12.46 0.0708892
12.48 0.0715236
12.50 0.0721246
12.52 0.0726922
12.54 0.0732264
12.56 0.0737273
12.58 0.0741951
12.60 0.0746296
12.62 0.0750311
12.64 0.0753997
12.66 0.0757353
12.68 0.0760383
12.70 0.0763087
12.72 0.0765467
12.74 0.0767523
12.76 0.076926
12.78 0.0770677
12.80 0.0771777
12.82 0.0772562
12.84 0.0773034
12.86 0.0773196
12.88 0.0773049
12.90 0.0772597
12.92 0.0771843
12.94 0.0770787
12.96 0.0769435
12.98 0.0767788
13.00 0.0765849
13.02 0.0763622
13.04 0.0761109
13.06 0.0758314
13.08 0.0755241
13.10 0.0751892
13.12 0.0748272
13.14 0.0744383
13.16 0.074023
13.18 0.0735816
13.20 0.0731146
13.22 0.0726222
13.24 0.0721049
13.26 0.0715631
13.28 0.0709972
13.30 0.0704077
13.32 0.0697948
13.34 0.0691592
13.36 0.0685011
13.38 0.0678211
13.40 0.0671196
13.42 0.066397
13.44 0.0656538
13.46 0.0648905
13.48 0.0641075
13.50 0.0633052
13.52 0.0624842
13.54 0.0616449
13.56 0.0607879
13.58 0.0599135
13.60 0.0590222
13.62 0.0581147
13.64 0.0571912
13.66 0.0562525
13.68 0.0552988
13.70 0.0543308
13.72 0.0533489
13.74 0.0523536
13.76 0.0513454
13.78 0.0503249
13.80 0.0492925
13.82 0.0482487
13.84 0.0471941
13.86 0.0461291
13.88 0.0450543
13.90 0.0439701
13.92 0.0428771
13.94 0.0417757
13.96 0.0406666
13.98 0.03955
14.00 0.0384267
14.02 0.037297
14.04 0.0361615
14.06 0.0350206
14.08 0.0338749
14.10 0.0327249
14.12 0.031571
14.14 0.0304137
14.16 0.0292535
14.18 0.028091
14.20 0.0269265
14.22 0.0257606
14.24 0.0245937
14.26 0.0234263
14.28 0.0222589
14.30 0.0210919
14.32 0.0199259
14.34 0.0187611
14.36 0.0175982
14.38 0.0164375
14.40 0.0152795
14.42 0.0141246
14.44 0.0129733
14.46 0.011826
14.48 0.0106831
14.50 0.00954498
14.52 0.00841215
14.54 0.00728497
14.56 0.00616385
14.58 0.00504918
14.60 0.00394135
14.62 0.00284075
14.64 0.00174776
14.66 0.000662746
14.68 -0.000413917
14.70 -0.00148187
14.72 -0.00254076
14.74 -0.00359024
14.76 -0.00462996
14.78 -0.0056596
14.80 -0.00667882
14.82 -0.00768729
14.84 -0.00868472
14.86 -0.00967078
14.88 -0.0106452
14.90 -0.0116076
14.92 -0.0125578
14.94 -0.0134955
14.96 -0.0144204
14.98 -0.0153322
15.00 -0.0162307
15.02 -0.0171156
15.04 -0.0179867
15.06 -0.0188438
15.08 -0.0196866
15.10 -0.0205148
15.12 -0.0213284
15.14 -0.0221271
15.16 -0.0229106
15.18 -0.0236788
15.20 -0.0244315
15.22 -0.0251686
15.24 -0.0258898
15.26 -0.0265951
15.28 -0.0272841
15.30 -0.0279569
15.32 -0.0286133
15.34 -0.0292531
15.36 -0.0298762
15.38 -0.0304825
15.40 -0.0310719
15.42 -0.0316443
15.44 -0.0321996
15.46 -0.0327377
15.48 -0.0332585
15.50 -0.033762
15.52 -0.0342482
15.54 -0.0347169
15.56 -0.035168
15.58 -0.0356017
15.60 -0.0360178
15.62 -0.0364162
15.64 -0.0367971
15.66 -0.0371604
15.68 -0.037506
15.70 -0.037834
15.72 -0.0381443
15.74 -0.0384371
15.76 -0.0387123
15.78 -0.03897
15.80 -0.0392101
15.82 -0.0394328
15.84 -0.0396381
15.86 -0.039826
15.88 -0.0399966
15.90 -0.04015
15.92 -0.0402862
15.94 -0.0404054
15.96 -0.0405076
15.98 -0.0405929
16.00 -0.0406615
16.02 -0.0407133
16.04 -0.0407486
16.06 -0.0407674
16.08 -0.04077
16.10 -0.0407563
16.12 -0.0407265
16.14 -0.0406808
16.16 -0.0406194
16.18 -0.0405423
16.20 -0.0404497
16.22 -0.0403419
16.24 -0.0402188
16.26 -0.0400808
16.28 -0.039928
16.30 -0.0397605
16.32 -0.0395786
16.34 -0.0393825
16.36 -0.0391723
16.38 -0.0389482
16.40 -0.0387104
16.42 -0.0384591
16.44 -0.0381946
16.46 -0.0379171
16.48 -0.0376266
16.50 -0.0373236
16.52 -0.0370082
16.54 -0.0366805
16.56 -0.036341
16.58 -0.0359897
16.60 -0.0356269
16.62 -0.0352528
16.64 -0.0348678
16.66 -0.0344719
16.68 -0.0340656
16.70 -0.0336489
16.72 -0.0332222
16.74 -0.0327857
16.76 -0.0323396
16.78 -0.0318843
16.80 -0.0314199
16.82 -0.0309467
16.84 -0.030465
16.86 -0.0299751
16.88 -0.0294771
16.90 -0.0289714
16.92 -0.0284582
16.94 -0.0279378
16.96 -0.0274104
16.98 -0.0268764
17.00 -0.0263359
17.02 -0.0257892
17.04 -0.0252367
17.06 -0.0246785
17.08 -0.024115
17.10 -0.0235464
17.12 -0.0229729
17.14 -0.0223949
17.16 -0.0218126
17.18 -0.0212263
17.20 -0.0206362
17.22 -0.0200426
17.24 -0.0194457
17.26 -0.0188459
17.28 -0.0182433
17.30 -0.0176383
17.32 -0.0170311
17.34 -0.0164219
17.36 -0.0158111
17.38 -0.0151989
17.40 -0.0145854
17.42 -0.0139711
17.44 -0.0133561
17.46 -0.0127406
17.48 -0.012125
17.50 -0.0115095
17.52 -0.0108943
17.54 -0.0102797
17.56 -0.00966583
17.58 -0.00905302
17.60 -0.00844148
17.62 -0.00783144
17.64 -0.00722314
17.66 -0.00661681
17.68 -0.00601266
17.70 -0.00541091
17.72 -0.0048118
17.74 -0.00421553
17.76 -0.00362233
17.78 -0.00303239
17.80 -0.00244593
17.82 -0.00186316
17.84 -0.00128427
17.86 -0.000709466
17.88 -0.000138943
17.90 0.000427107
17.92 0.000988495
17.94 0.00154504
17.96 0.00209655
17.98 0.00264285
18.00 0.00318376
18.02 0.00371912
18.04 0.00424876
18.06 0.00477251
18.08 0.0052902
18.10 0.00580169
18.12 0.00630682
18.14 0.00680544
18.16 0.0072974
18.18 0.00778255
18.20 0.00826077
18.22 0.00873192
18.24 0.00919586
18.26 0.00965247
18.28 0.0101016
18.30 0.0105432
18.32 0.0109771
18.34 0.0114032
18.36 0.0118214
18.38 0.0122316
18.40 0.0126336
18.42 0.0130275
18.44 0.0134131
18.46 0.0137903
18.48 0.014159
18.50 0.0145192
18.52 0.0148707
18.54 0.0152136
18.56 0.0155477
18.58 0.015873
18.60 0.0161894
18.62 0.0164969
18.64 0.0167954
18.66 0.0170849
18.68 0.0173653
18.70 0.0176365
18.72 0.0178986
18.74 0.0181516
18.76 0.0183953
18.78 0.0186298
18.80 0.0188551
18.82 0.019071
18.84 0.0192777
18.86 0.0194751
18.88 0.0196632
18.90 0.019842
18.92 0.0200116
18.94 0.0201718
18.96 0.0203228
18.98 0.0204645
19.00 0.0205969
19.02 0.0207202
19.04 0.0208342
19.06 0.020939
19.08 0.0210348
19.10 0.0211214
19.12 0.0211989
19.14 0.0212674
19.16 0.021327
19.18 0.0213776
19.20 0.0214193
19.22 0.0214522
19.24 0.0214763
19.26 0.0214917
19.28 0.0214984
19.30 0.0214966
19.32 0.0214862
19.34 0.0214674
19.36 0.0214403
19.38 0.0214048
19.40 0.0213612
19.42 0.0213094
19.44 0.0212496
19.46 0.0211818
19.48 0.0211061
19.50 0.0210227
19.52 0.0209316
19.54 0.0208329
19.56 0.0207267
19.58 0.0206132
19.60 0.0204924
19.62 0.0203644
19.64 0.0202293
19.66 0.0200873
19.68 0.0199384
19.70 0.0197828
19.72 0.0196206
19.74 0.0194519
19.76 0.0192768
19.78 0.0190955
19.80 0.018908
19.82 0.0187145
19.84 0.0185151
19.86 0.01831
19.88 0.0180992
19.90 0.0178829
19.92 0.0176612
19.94 0.0174343
19.96 0.0172022
19.98 0.0169652
20.00 0.0167233
20.02 0.0164767
20.04 0.0162256
20.06 0.01597
20.08 0.01571
20.10 0.0154459
20.12 0.0151778
20.14 0.0149058
20.16 0.01463
20.18 0.0143506
20.20 0.0140677
20.22 0.0137815
20.24 0.0134921
20.26 0.0131997
20.28 0.0129043
20.30 0.0126061
20.32 0.0123053
20.34 0.012002
20.36 0.0116964
20.38 0.0113885
20.40 0.0110786
20.42 0.0107667
20.44 0.0104531
20.46 0.0101377
20.48 0.00982091
20.50 0.00950268
20.52 0.00918321
20.54 0.00886263
20.56 0.00854108
20.58 0.00821869
20.60 0.0078956
20.62 0.00757194
20.64 0.00724784
20.66 0.00692344
20.68 0.00659887
20.70 0.00627425
20.72 0.00594973
20.74 0.00562542
20.76 0.00530145
20.78 0.00497794
20.80 0.00465503
20.82 0.00433284
20.84 0.00401148
20.86 0.00369108
20.88 0.00337177
20.90 0.00305364
20.92 0.00273683
20.94 0.00242145
20.96 0.00210761
20.98 0.00179543
21.00 0.00148501
21.02 0.00117647
21.04 0.000869904
21.06 0.00056543
21.08 0.000263148
21.10 -3.68398e-05
21.12 -0.000334432
21.14 -0.00062953
21.16 -0.000922035
21.18 -0.00121185
21.20 -0.00149889
21.22 -0.00178306
21.24 -0.00206426
21.26 -0.00234241
21.28 -0.00261742
21.30 -0.00288921
21.32 -0.0031577
21.34 -0.00342281
21.36 -0.00368445
21.38 -0.00394256
21.40 -0.00419705
21.42 -0.00444786
21.44 -0.00469491
21.46 -0.00493814
21.48 -0.00517748
21.50 -0.00541286
21.52 -0.00564423
21.54 -0.00587152
21.56 -0.00609468
21.58 -0.00631366
21.60 -0.00652838
21.62 -0.00673882
21.64 -0.00694491
21.66 -0.00714661
21.68 -0.00734387
21.70 -0.00753666
21.72 -0.00772492
21.74 -0.00790862
21.76 -0.00808773
21.78 -0.00826221
21.80 -0.00843202
21.82 -0.00859714
21.84 -0.00875754
21.86 -0.00891319
21.88 -0.00906407
21.90 -0.00921016
21.92 -0.00935143
21.94 -0.00948787
21.96 -0.00961947
21.98 -0.0097462
22.00 -0.00986806
22.02 -0.00998503
22.04 -0.0100971
22.06 -0.0102043
22.08 -0.0103066
22.10 -0.010404
22.12 -0.0104965
22.14 -0.0105841
22.16 -0.0106668
22.18 -0.0107446
22.20 -0.0108175
22.22 -0.0108855
22.24 -0.0109487
22.26 -0.0110071
22.28 -0.0110606
22.30 -0.0111093
22.32 -0.0111532
22.34 -0.0111924
22.36 -0.0112268
22.38 -0.0112564
22.40 -0.0112814
22.42 -0.0113017
22.44 -0.0113173
22.46 -0.0113283
22.48 -0.0113348
22.50 -0.0113367
22.52 -0.011334
22.54 -0.0113269
22.56 -0.0113154
22.58 -0.0112995
22.60 -0.0112792
22.62 -0.0112546
22.64 -0.0112257
22.66 -0.0111926
22.68 -0.0111553
22.70 -0.0111139
22.72 -0.0110684
22.74 -0.0110189
22.76 -0.0109654
22.78 -0.010908
22.80 -0.0108467
22.82 -0.0107816
22.84 -0.0107127
22.86 -0.0106402
22.88 -0.0105639
22.90 -0.0104841
22.92 -0.0104008
22.94 -0.010314
22.96 -0.0102238
22.98 -0.0101303
23.00 -0.0100334
23.02 -0.00993341
23.04 -0.00983024
23.06 -0.00972397
23.08 -0.0096147
23.10 -0.00950247
23.12 -0.00938737
23.14 -0.00926945
23.16 -0.0091488
23.18 -0.00902547
23.20 -0.00889954
23.22 -0.00877107
23.24 -0.00864014
23.26 -0.00850683
23.28 -0.0083712
23.30 -0.00823332
23.32 -0.00809327
23.34 -0.00795112
23.36 -0.00780695
23.38 -0.00766082
23.40 -0.00751281
23.42 -0.007363
23.44 -0.00721145
23.46 -0.00705824
23.48 -0.00690345
23.50 -0.00674715
23.52 -0.00658941
23.54 -0.00643031
23.56 -0.00626992
23.58 -0.00610832
23.60 -0.00594557
23.62 -0.00578176
23.64 -0.00561695
23.66 -0.00545123
23.68 -0.00528465
23.70 -0.0051173
23.72 -0.00494925
23.74 -0.00478056
23.76 -0.00461132
23.78 -0.0044416
23.80 -0.00427145
23.82 -0.00410097
23.84 -0.00393021
23.86 -0.00375924
23.88 -0.00358814
23.90 -0.00341697
23.92 -0.00324581
23.94 -0.00307471
23.96 -0.00290376
23.98 -0.00273301
24.00 -0.00256253
24.02 -0.00239238
24.04 -0.00222264
24.06 -0.00205336
24.08 -0.00188461
24.10 -0.00171645
24.12 -0.00154895
24.14 -0.00138216
24.16 -0.00121614
24.18 -0.00105096
24.20 -0.000886679
24.22 -0.000723346
24.24 -0.000561022
24.26 -0.000399763
24.28 -0.000239626
24.30 -8.06649e-05
24.32 7.70668e-05
24.34 0.000233516
24.36 0.000388631
24.38 0.000542361
24.40 0.000694655
24.42 0.000845465
24.44 0.000994743
24.46 0.00114244
24.48 0.00128851
24.50 0.00143292
24.52 0.0015756
24.54 0.00171653
24.56 0.00185567
24.58 0.00199295
24.60 0.00212836
24.62 0.00226185
24.64 0.00239339
24.66 0.00252293
24.68 0.00265044
24.70 0.00277589
24.72 0.00289924
24.74 0.00302046
24.76 0.00313952
24.78 0.00325639
24.80 0.00337104
24.82 0.00348344
24.84 0.00359357
24.86 0.0037014
24.88 0.0038069
24.90 0.00391006
24.92 0.00401085
24.94 0.00410924
24.96 0.00420523
24.98 0.00429878
25.00 0.00438989
25.02 0.00447853
25.04 0.00456469
25.06 0.00464835
25.08 0.00472951
25.10 0.00480814
25.12 0.00488425
25.14 0.00495781
25.16 0.00502882
25.18 0.00509727
25.20 0.00516315
25.22 0.00522647
25.24 0.00528721
25.26 0.00534536
25.28 0.00540094
25.30 0.00545393
25.32 0.00550433
25.34 0.00555216
25.36 0.00559739
25.38 0.00564005
25.40 0.00568014
25.42 0.00571765
25.44 0.00575259
25.46 0.00578498
25.48 0.00581481
25.50 0.0058421
25.52 0.00586685
25.54 0.00588908
25.56 0.00590879
25.58 0.00592601
25.60 0.00594073
25.62 0.00595299
25.64 0.00596278
25.66 0.00597013
25.68 0.00597505
25.70 0.00597756
25.72 0.00597768
25.74 0.00597542
25.76 0.00597082
25.78 0.00596388
25.80 0.00595463
25.82 0.00594309
25.84 0.00592929
25.86 0.00591324
25.88 0.00589497
25.90 0.00587451
25.92 0.00585188
25.94 0.00582711
25.96 0.00580022
25.98 0.00577124
26.00 0.0057402
26.02 0.00570714
26.04 0.00567207
26.06 0.00563503
26.08 0.00559604
26.10 0.00555515
26.12 0.00551237
26.14 0.00546775
26.16 0.00542132
26.18 0.0053731
26.20 0.00532313
26.22 0.00527144
26.24 0.00521808
26.26 0.00516307
26.28 0.00510644
26.30 0.00504824
26.32 0.0049885
26.34 0.00492725
26.36 0.00486453
26.38 0.00480039
26.40 0.00473484
26.42 0.00466794
26.44 0.00459972
26.46 0.00453021
26.48 0.00445946
26.50 0.0043875
26.52 0.00431437
26.54 0.0042401
26.56 0.00416475
26.58 0.00408833
26.60 0.00401091
26.62 0.0039325
26.64 0.00385316
26.66 0.00377292
26.68 0.00369182
26.70 0.0036099
26.72 0.00352719
26.74 0.00344374
26.76 0.00335959
26.78 0.00327477
26.80 0.00318933
26.82 0.0031033
26.84 0.00301672
26.86 0.00292963
26.88 0.00284207
26.90 0.00275407
26.92 0.00266568
26.94 0.00257694
26.96 0.00248788
26.98 0.00239853
27.00 0.00230895
27.02 0.00221916
27.04 0.0021292
27.06 0.00203911
27.08 0.00194893
27.10 0.00185869
27.12 0.00176842
27.14 0.00167817
27.16 0.00158798
27.18 0.00149786
27.20 0.00140787
27.22 0.00131804
27.24 0.00122839
27.26 0.00113897
27.28 0.00104981
27.30 0.000960933
27.32 0.000872384
27.34 0.000784192
27.36 0.000696389
27.38 0.000609006
27.40 0.000522075
27.42 0.000435627
27.44 0.000349692
27.46 0.0002643
27.48 0.000179481
27.50 9.52644e-05
27.52 1.16781e-05
27.54 -7.12495e-05
27.56 -0.000153491
27.58 -0.000235018
27.60 -0.000315806
27.62 -0.000395826
27.64 -0.000475055
27.66 -0.000553466
27.68 -0.000631036
27.70 -0.000707739
27.72 -0.000783553
27.74 -0.000858454
27.76 -0.000932421
27.78 -0.00100543
27.80 -0.00107746
27.82 -0.00114849
27.84 -0.0012185
27.86 -0.00128748
27.88 -0.00135539
27.90 -0.00142223
27.92 -0.00148797
27.94 -0.0015526
27.96 -0.00161611
27.98 -0.00167846
28.00 -0.00173966
28.02 -0.00179968
28.04 -0.00185851
28.06 -0.00191613
28.08 -0.00197254
28.10 -0.00202772
28.12 -0.00208165
28.14 -0.00213433
28.16 -0.00218574
28.18 -0.00223588
28.20 -0.00228474
28.22 -0.0023323
28.24 -0.00237856
28.26 -0.0024235
28.28 -0.00246713
28.30 -0.00250943
28.32 -0.00255041
28.34 -0.00259004
28.36 -0.00262833
28.38 -0.00266528
28.40 -0.00270087
28.42 -0.00273511
28.44 -0.002768
28.46 -0.00279952
28.48 -0.00282968
28.50 -0.00285849
28.52 -0.00288592
28.54 -0.002912
28.56 -0.00293671
28.58 -0.00296006
28.60 -0.00298205
28.62 -0.00300269
28.64 -0.00302197
28.66 -0.00303989
28.68 -0.00305647
28.70 -0.0030717
28.72 -0.0030856
28.74 -0.00309816
28.76 -0.00310939
28.78 -0.00311929
28.80 -0.00312789
28.82 -0.00313517
28.84 -0.00314115
28.86 -0.00314583
28.88 -0.00314923
28.90 -0.00315136
28.92 -0.00315221
28.94 -0.00315181
28.96 -0.00315016
28.98 -0.00314728
29.00 -0.00314317
29.02 -0.00313784
29.04 -0.00313131
29.06 -0.00312359
29.08 -0.0031147
29.10 -0.00310463
29.12 -0.00309342
29.14 -0.00308107
29.16 -0.00306759
29.18 -0.003053
29.20 -0.00303732
29.22 -0.00302055
29.24 -0.00300272
29.26 -0.00298385
29.28 -0.00296393
29.30 -0.002943
29.32 -0.00292107
29.34 -0.00289815
29.36 -0.00287426
29.38 -0.00284943
29.40 -0.00282366
29.42 -0.00279697
29.44 -0.00276939
29.46 -0.00274092
29.48 -0.0027116
29.50 -0.00268143
29.52 -0.00265043
29.54 -0.00261864
29.56 -0.00258605
29.58 -0.0025527
29.60 -0.0025186
29.62 -0.00248377
29.64 -0.00244823
29.66 -0.002412
29.68 -0.0023751
29.70 -0.00233756
29.72 -0.00229938
29.74 -0.00226059
29.76 -0.00222122
29.78 -0.00218127
29.80 -0.00214078
29.82 -0.00209976
29.84 -0.00205823
29.86 -0.00201622
29.88 -0.00197374
29.90 -0.00193081
29.92 -0.00188746
29.94 -0.0018437
29.96 -0.00179955
29.98 -0.00175505
30.00 -0.0017102
30.02 -0.00166503
30.04 -0.00161955
30.06 -0.0015738
30.08 -0.00152778
30.10 -0.00148152
30.12 -0.00143504
30.14 -0.00138836
30.16 -0.0013415
30.18 -0.00129448
30.20 -0.00124732
30.22 -0.00120004
30.24 -0.00115266
30.26 -0.0011052
30.28 -0.00105767
30.30 -0.0010101
30.32 -0.000962512
30.34 -0.000914916
30.36 -0.000867336
30.38 -0.000819789
30.40 -0.000772294
30.42 -0.000724869
30.44 -0.000677534
30.46 -0.000630305
30.48 -0.0005832
30.50 -0.000536239
30.52 -0.000489437
30.54 -0.000442812
30.56 -0.000396382
30.58 -0.000350163
30.60 -0.000304172
30.62 -0.000258425
30.64 -0.000212939
30.66 -0.000167729
30.68 -0.000122812
30.70 -7.82018e-05
30.72 -3.39151e-05
30.74 1.00336e-05
30.76 5.36296e-05
30.78 9.68582e-05
30.80 0.000139705
30.82 0.000182157
30.84 0.000224199
30.86 0.000265819
30.88 0.000307003
30.90 0.000347739
30.92 0.000388013
30.94 0.000427813
30.96 0.000467128
30.98 0.000505946
31.00 0.000544254
31.02 0.000582043
31.04 0.000619301
31.06 0.000656017
31.08 0.000692182
31.10 0.000727784
31.12 0.000762816
31.14 0.000797267
31.16 0.000831128
31.18 0.00086439
31.20 0.000897046
31.22 0.000929086
31.24 0.000960504
31.26 0.000991291
31.28 0.00102144
31.30 0.00105095
31.32 0.0010798
31.34 0.001108
31.36 0.00113553
31.38 0.00116239
31.40 0.00118858
31.42 0.00121409
31.44 0.00123892
31.46 0.00126306
31.48 0.0012865
31.50 0.00130925
31.52 0.0013313
31.54 0.00135264
31.56 0.00137328
31.58 0.00139321
31.60 0.00141243
31.62 0.00143094
31.64 0.00144873
31.66 0.0014658
31.68 0.00148216
31.70 0.0014978
31.72 0.00151272
31.74 0.00152693
31.76 0.00154041
31.78 0.00155318
31.80 0.00156523
31.82 0.00157656
31.84 0.00158718
31.86 0.00159708
31.88 0.00160627
31.90 0.00161475
31.92 0.00162252
31.94 0.00162959
31.96 0.00163595
31.98 0.00164161
32.00 0.00164658
32.02 0.00165086
32.04 0.00165444
32.06 0.00165735
32.08 0.00165957
32.10 0.00166111
32.12 0.00166198
32.14 0.00166219
32.16 0.00166174
32.18 0.00166063
32.20 0.00165887
32.22 0.00165646
32.24 0.00165342
32.26 0.00164974
32.28 0.00164544
32.30 0.00164052
32.32 0.00163499
32.34 0.00162886
32.36 0.00162212
32.38 0.0016148
32.40 0.0016069
32.42 0.00159841
32.44 0.00158937
32.46 0.00157976
32.48 0.0015696
32.50 0.0015589
32.52 0.00154767
32.54 0.00153591
32.56 0.00152364
32.58 0.00151086
32.60 0.00149758
32.62 0.00148381
32.64 0.00146956
32.66 0.00145484
32.68 0.00143967
32.70 0.00142404
32.72 0.00140797
32.74 0.00139147
32.76 0.00137454
32.78 0.00135721
32.80 0.00133948
32.82 0.00132135
32.84 0.00130285
32.86 0.00128397
32.88 0.00126474
32.90 0.00124515
32.92 0.00122523
32.94 0.00120498
32.96 0.00118441
32.98 0.00116354
33.00 0.00114237
33.02 0.00112091
33.04 0.00109918
33.06 0.00107718
33.08 0.00105494
33.10 0.00103245
33.12 0.00100973
33.14 0.000986787
33.16 0.000963637
33.18 0.000940289
33.20 0.000916752
33.22 0.000893039
33.24 0.000869159
33.26 0.000845124
33.28 0.000820945
33.30 0.000796631
33.32 0.000772195
33.34 0.000747646
33.36 0.000722995
33.38 0.000698253
33.40 0.00067343
33.42 0.000648537
33.44 0.000623584
33.46 0.000598582
33.48 0.000573541
33.50 0.000548471
33.52 0.000523382
33.54 0.000498284
33.56 0.000473189
33.58 0.000448104
33.60 0.000423041
33.62 0.000398009
33.64 0.000373018
33.66 0.000348077
33.68 0.000323195
33.70 0.000298384
33.72 0.00027365
33.74 0.000249004
33.76 0.000224455
33.78 0.000200012
33.80 0.000175684
33.82 0.000151479
33.84 0.000127405
33.86 0.000103473
33.88 7.96889e-05
33.90 5.60623e-05
33.92 3.26009e-05
33.94 9.31281e-06
33.96 -1.37942e-05
33.98 -3.67123e-05
34.00 -5.94339e-05
34.02 -8.19517e-05
34.04 -0.000104258
34.06 -0.000126346
34.08 -0.000148209
34.10 -0.000169839
34.12 -0.000191231
34.14 -0.000212376
34.16 -0.00023327
34.18 -0.000253905
34.20 -0.000274275
34.22 -0.000294376
34.24 -0.000314199
34.26 -0.000333741
34.28 -0.000352995
34.30 -0.000371957
34.32 -0.00039062
34.34 -0.00040898
34.36 -0.000427032
34.38 -0.000444772
34.40 -0.000462194
34.42 -0.000479295
34.44 -0.00049607
34.46 -0.000512514
34.48 -0.000528625
34.50 -0.000544398
34.52 -0.00055983
34.54 -0.000574918
34.56 -0.000589658
34.58 -0.000604046
34.60 -0.000618081
34.62 -0.000631759
34.64 -0.000645078
34.66 -0.000658035
34.68 -0.000670629
34.70 -0.000682856
34.72 -0.000694715
34.74 -0.000706205
34.76 -0.000717323
34.78 -0.000728068
34.80 -0.000738439
34.82 -0.000748435
34.84 -0.000758055
34.86 -0.000767297
34.88 -0.000776161
34.90 -0.000784648
34.92 -0.000792755
34.94 -0.000800484
34.96 -0.000807833
34.98 -0.000814804
35.00 -0.000821396
35.02 -0.00082761
35.04 -0.000833446
35.06 -0.000838906
35.08 -0.000843989
35.10 -0.000848697
35.12 -0.00085303
35.14 -0.000856991
35.16 -0.000860581
35.18 -0.0008638
35.20 -0.000866651
35.22 -0.000869136
35.24 -0.000871256
35.26 -0.000873013
35.28 -0.00087441
35.30 -0.00087545
35.32 -0.000876133
35.34 -0.000876464
35.36 -0.000876444
35.38 -0.000876076
35.40 -0.000875364
35.42 -0.00087431
35.44 -0.000872918
35.46 -0.00087119
35.48 -0.00086913
35.50 -0.000866742
35.52 -0.000864029
35.54 -0.000860994
35.56 -0.000857642
35.58 -0.000853976
35.60 -0.000850001
35.62 -0.000845719
35.64 -0.000841136
35.66 -0.000836256
35.68 -0.000831083
35.70 -0.00082562
35.72 -0.000819874
35.74 -0.000813848
35.76 -0.000807547
35.78 -0.000800975
35.80 -0.000794138
35.82 -0.000787039
35.84 -0.000779685
35.86 -0.00077208
35.88 -0.000764229
35.90 -0.000756137
35.92 -0.000747809
35.94 -0.000739251
35.96 -0.000730467
35.98 -0.000721463
36.00 -0.000712244
36.02 -0.000702816
36.04 -0.000693184
36.06 -0.000683353
36.08 -0.000673329
36.10 -0.000663117
36.12 -0.000652724
36.14 -0.000642154
36.16 -0.000631412
36.18 -0.000620506
36.20 -0.00060944
36.22 -0.00059822
36.24 -0.000586851
36.26 -0.00057534
36.28 -0.000563692
36.30 -0.000551913
36.32 -0.000540008
36.34 -0.000527984
36.36 -0.000515845
36.38 -0.000503598
36.40 -0.000491248
36.42 -0.000478802
36.44 -0.000466264
36.46 -0.000453641
36.48 -0.000440938
36.50 -0.000428161
36.52 -0.000415315
36.54 -0.000402407
36.56 -0.000389441
36.58 -0.000376424
36.60 -0.000363361
36.62 -0.000350257
36.64 -0.000337118
36.66 -0.00032395
36.68 -0.000310757
36.70 -0.000297546
36.72 -0.000284322
36.74 -0.00027109
36.76 -0.000257856
36.78 -0.000244624
36.80 -0.0002314
36.82 -0.000218189
36.84 -0.000204997
36.86 -0.000191828
36.88 -0.000178687
36.90 -0.00016558
36.92 -0.000152511
36.94 -0.000139485
36.96 -0.000126507
36.98 -0.000113582
37.00 -0.000100715
37.02 -8.79094e-05
37.04 -7.51709e-05
37.06 -6.25037e-05
37.08 -4.99122e-05
37.10 -3.74008e-05
37.12 -2.49739e-05
37.14 -1.26357e-05
37.16 -3.90464e-07
37.18 1.17578e-05
37.20 2.38049e-05
37.22 3.57471e-05
37.24 4.75802e-05
37.26 5.93005e-05
37.28 7.09043e-05
37.30 8.23879e-05
37.32 9.37477e-05
37.34 0.00010498
37.36 0.000116082
37.38 0.000127049
37.40 0.000137879
37.42 0.000148568
37.44 0.000159114
37.46 0.000169512
37.48 0.000179761
37.50 0.000189858
37.52 0.000199798
37.54 0.000209581
37.56 0.000219203
37.58 0.000228661
37.60 0.000237954
37.62 0.000247078
37.64 0.000256032
37.66 0.000264814
37.68 0.00027342
37.70 0.00028185
37.72 0.000290101
37.74 0.000298172
37.76 0.00030606
37.78 0.000313764
37.80 0.000321283
37.82 0.000328614
37.84 0.000335757
37.86 0.00034271
37.88 0.000349472
37.90 0.000356041
37.92 0.000362417
37.94 0.000368599
37.96 0.000374585
37.98 0.000380375
38.00 0.000385968
38.02 0.000391364
38.04 0.000396562
38.06 0.000401561
38.08 0.000406361
38.10 0.000410961
38.12 0.000415362
38.14 0.000419564
38.16 0.000423565
38.18 0.000427367
38.20 0.000430969
38.22 0.000434371
38.24 0.000437574
38.26 0.000440578
38.28 0.000443383
38.30 0.000445991
38.32 0.0004484
38.34 0.000450612
38.36 0.000452629
38.38 0.000454449
38.40 0.000456075
38.42 0.000457507
38.44 0.000458746
38.46 0.000459793
38.48 0.000460649
38.50 0.000461316
38.52 0.000461795
38.54 0.000462086
38.56 0.000462192
38.58 0.000462113
38.60 0.000461852
38.62 0.00046141
38.64 0.000460788
38.66 0.000459988
38.68 0.000459012
38.70 0.000457862
38.72 0.000456539
38.74 0.000455045
38.76 0.000453383
38.78 0.000451553
38.80 0.00044956
38.82 0.000447403
38.84 0.000445087
38.86 0.000442612
38.88 0.000439981
38.90 0.000437196
38.92 0.00043426
38.94 0.000431175
38.96 0.000427944
38.98 0.000424568
39.00 0.000421051
39.02 0.000417394
39.04 0.000413601
39.06 0.000409674
39.08 0.000405616
39.10 0.000401428
39.12 0.000397115
39.14 0.000392679
39.16 0.000388121
39.18 0.000383446
39.20 0.000378656
39.22 0.000373754
39.24 0.000368742
39.26 0.000363624
39.28 0.000358402
39.30 0.000353079
39.32 0.000347659
39.34 0.000342143
39.36 0.000336536
39.38 0.000330839
39.40 0.000325057
39.42 0.000319191
39.44 0.000313245
39.46 0.000307223
39.48 0.000301126
39.50 0.000294957
39.52 0.000288721
39.54 0.00028242
39.56 0.000276057
39.58 0.000269634
39.60 0.000263156
39.62 0.000256625
39.64 0.000250043
39.66 0.000243415
39.68 0.000236743
39.70 0.00023003
39.72 0.000223278
39.74 0.000216492
39.76 0.000209674
39.78 0.000202826
39.80 0.000195953
39.82 0.000189056
39.84 0.000182139
39.86 0.000175205
39.88 0.000168256
39.90 0.000161295
39.92 0.000154326
39.94 0.000147351
39.96 0.000140373
39.98 0.000133394
40.00 0.000126418


0.00 1
0.02 1
0.04 0.999604
0.06 0.998817
0.08 0.997643
0.10 0.996085
0.12 0.994147
0.14 0.991836
0.16 0.989154
0.18 0.986107
0.20 0.982699
0.22 0.978934
0.24 0.974819
0.26 0.970358
0.28 0.965557
0.30 0.960419
0.32 0.954952
0.34 0.949159
0.36 0.943048
0.38 0.936622
0.40 0.929888
0.42 0.922852
0.44 0.915519
0.46 0.907896
0.48 0.899988
0.50 0.8918
0.52 0.88334
0.54 0.874614
0.56 0.865626
0.58 0.856384
0.60 0.846894
0.62 0.837163
0.64 0.827195
0.66 0.816999
0.68 0.80658
0.70 0.795944
0.72 0.785099
0.74 0.774051
0.76 0.762806
0.78 0.75137
0.80 0.739751
0.82 0.727955
0.84 0.715988
0.86 0.703857
0.88 0.691569
0.90 0.679131
0.92 0.666548
0.94 0.653827
0.96 0.640976
0.98 0.628
1.00 0.614906
1.02 0.601702
1.04 0.588393
1.06 0.574985
1.08 0.561487
1.10 0.547903
1.12 0.53424
1.14 0.520505
1.16 0.506705
1.18 0.492845
1.20 0.478932
1.22 0.464973
1.24 0.450973
1.26 0.436938
1.28 0.422876
1.30 0.408792
1.32 0.394691
1.34 0.380581
1.36 0.366467
1.38 0.352355
1.40 0.338251
1.42 0.324161
1.44 0.31009
1.46 0.296044
1.48 0.282029
1.50 0.26805
1.52 0.254113
1.54 0.240223
1.56 0.226386
1.58 0.212607
1.60 0.19889
1.62 0.185242
1.64 0.171667
1.66 0.15817
1.68 0.144756
1.70 0.13143
1.72 0.118197
1.74 0.105061
1.76 0.0920261
1.78 0.0790977
1.80 0.0662798
1.82 0.0535768
1.84 0.0409929
1.86 0.0285321
1.88 0.0161985
1.90 0.00399602
1.92 -0.00807158
1.94 -0.0200005
1.96 -0.0317872
1.98 -0.043428
2.00 -0.0549195
2.02 -0.0662584
2.04 -0.0774414
2.06 -0.0884654
2.08 -0.0993273
2.10 -0.110024
2.12 -0.120553
2.14 -0.130911
2.16 -0.141096
2.18 -0.151105
2.20 -0.160935
2.22 -0.170585
2.24 -0.180052
2.26 -0.189334
2.28 -0.198428
2.30 -0.207334
2.32 -0.216048
2.34 -0.224569
2.36 -0.232897
2.38 -0.241028
2.40 -0.248961
2.42 -0.256696
2.44 -0.264231
2.46 -0.271564
2.48 -0.278695
2.50 -0.285623
2.52 -0.292347
2.54 -0.298866
2.56 -0.305179
2.58 -0.311286
2.60 -0.317187
2.62 -0.32288
2.64 -0.328366
2.66 -0.333645
2.68 -0.338716
2.70 -0.343579
2.72 -0.348235
2.74 -0.352683
2.76 -0.356925
2.78 -0.360959
2.80 -0.364787
2.82 -0.368409
2.84 -0.371826
2.86 -0.375039
2.88 -0.378047
2.90 -0.380853
2.92 -0.383456
2.94 -0.385859
2.96 -0.388061
2.98 -0.390065
3.00 -0.391872
3.02 -0.393482
3.04 -0.394898
3.06 -0.39612
3.08 -0.39715
3.10 -0.397991
3.12 -0.398642
3.14 -0.399108
3.16 -0.399388
3.18 -0.399485
3.20 -0.399401
3.22 -0.399138
3.24 -0.398698
3.26 -0.398083
3.28 -0.397296
3.30 -0.396338
3.32 -0.395211
3.34 -0.393919
3.36 -0.392464
3.38 -0.390847
3.40 -0.389072
3.42 -0.387141
3.44 -0.385057
3.46 -0.382822
3.48 -0.380439
3.50 -0.37791
3.52 -0.375239
3.54 -0.372429
3.56 -0.369481
3.58 -0.366399
3.60 -0.363186
3.62 -0.359845
3.64 -0.356379
3.66 -0.35279
3.68 -0.349082
3.70 -0.345257
3.72 -0.34132
3.74 -0.337272
3.76 -0.333118
3.78 -0.328859
3.80 -0.3245
3.82 -0.320043
3.84 -0.315492
3.86 -0.31085
3.88 -0.306119
3.90 -0.301304
3.92 -0.296408
3.94 -0.291433
3.96 -0.286383
3.98 -0.281261
4.00 -0.27607
4.02 -0.270814
4.04 -0.265496
4.06 -0.260119
4.08 -0.254686
4.10 -0.249201
4.12 -0.243667
4.14 -0.238086
4.16 -0.232463
4.18 -0.2268
4.20 -0.221101
4.22 -0.215368
4.24 -0.209606
4.26 -0.203816
4.28 -0.198002
4.30 -0.192168
4.32 -0.186316
4.34 -0.18045
4.36 -0.174571
4.38 -0.168685
4.40 -0.162793
4.42 -0.156898
4.44 -0.151003
4.46 -0.145112
4.48 -0.139227
4.50 -0.133351
4.52 -0.127487
4.54 -0.121638
4.56 -0.115806
4.58 -0.109994
4.60 -0.104205
4.62 -0.0984412
4.64 -0.0927057
4.66 -0.0870009
4.68 -0.0813293
4.70 -0.0756935
4.72 -0.0700959
4.74 -0.0645389
4.76 -0.0590249
4.78 -0.0535563
4.80 -0.0481354
4.82 -0.0427644
4.84 -0.0374455
4.86 -0.0321809
4.88 -0.0269728
4.90 -0.0218231
4.92 -0.016734
4.94 -0.0117073
4.96 -0.00674514
4.98 -0.00184927
5.00 0.00297846
5.02 0.00773624
5.04 0.0124223
5.06 0.0170351
5.08 0.0215728
5.10 0.026034
5.12 0.0304171
5.14 0.0347205
5.16 0.0389429
5.18 0.0430829
5.20 0.0471392
5.22 0.0511105
5.24 0.0549955
5.26 0.0587932
5.28 0.0625023
5.30 0.0661219
5.32 0.0696508
5.34 0.0730883
5.36 0.0764333
5.38 0.079685
5.40 0.0828426
5.42 0.0859053
5.44 0.0888726
5.46 0.0917436
5.48 0.0945179
5.50 0.097195
5.52 0.0997742
5.54 0.102255
5.56 0.104638
5.58 0.106921
5.60 0.109106
5.62 0.111191
5.64 0.113177
5.66 0.115062
5.68 0.116848
5.70 0.118535
5.72 0.120121
5.74 0.121608
5.76 0.122996
5.78 0.124284
5.80 0.125473
5.82 0.126563
5.84 0.127555
5.86 0.128448
5.88 0.129244
5.90 0.129942
5.92 0.130544
5.94 0.131049
5.96 0.131459
5.98 0.131774
6.00 0.131994
6.02 0.132121
6.04 0.132155
6.06 0.132097
6.08 0.131948
6.10 0.131709
6.12 0.13138
6.14 0.130963
6.16 0.130458
6.18 0.129867
6.20 0.129191
6.22 0.12843
6.24 0.127587
6.26 0.126661
6.28 0.125655
6.30 0.124569
6.32 0.123406
6.34 0.122165
6.36 0.120849
6.38 0.119458
6.40 0.117995
6.42 0.116461
6.44 0.114856
6.46 0.113183
6.48 0.111443
6.50 0.109638
6.52 0.107768
6.54 0.105837
6.56 0.103844
6.58 0.101793
6.60 0.0996833
6.62 0.0975181
6.64 0.0952986
6.66 0.0930266
6.68 0.0907036
6.70 0.0883315
6.72 0.0859118
6.74 0.0834464
6.76 0.080937
6.78 0.0783854
6.80 0.0757932
6.82 0.0731623
6.84 0.0704945
6.86 0.0677916
6.88 0.0650553
6.90 0.0622875
6.92 0.05949
6.94 0.0566647
6.96 0.0538132
6.98 0.0509375
7.00 0.0480393
7.02 0.0451205
7.04 0.0421829
7.06 0.0392284
7.08 0.0362587
7.10 0.0332757
7.12 0.0302811
7.14 0.0272769
7.16 0.0242647
7.18 0.0212465
7.20 0.018224
7.22 0.0151989
7.24 0.0121731
7.26 0.00914833
7.28 0.00612635
7.30 0.0031089
7.32 9.77297e-05
7.34 -0.00290544
7.36 -0.0058989
7.38 -0.00888096
7.40 -0.0118499
7.42 -0.0148041
7.44 -0.0177419
7.46 -0.0206616
7.48 -0.0235617
7.50 -0.0264405
7.52 -0.0292964
7.54 -0.0321279
7.56 -0.0349334
7.58 -0.0377114
7.60 -0.0404604
7.62 -0.0431789
7.64 -0.0458655
7.66 -0.0485187
7.68 -0.051137
7.70 -0.0537192
7.72 -0.0562639
7.74 -0.0587696
7.76 -0.0612351
7.78 -0.063659
7.80 -0.0660402
7.82 -0.0683774
7.84 -0.0706693
7.86 -0.0729149
7.88 -0.0751128
7.90 -0.077262
7.92 -0.0793615
7.94 -0.08141
7.96 -0.0834066
7.98 -0.0853503
8.00 -0.0872401
8.02 -0.0890749
8.04 -0.090854
8.06 -0.0925765
8.08 -0.0942413
8.10 -0.0958479
8.12 -0.0973952
8.14 -0.0988826
8.16 -0.100309
8.18 -0.101675
8.20 -0.102978
8.22 -0.104219
8.24 -0.105396
8.26 -0.10651
8.28 -0.107559
8.30 -0.108543
8.32 -0.109462
8.34 -0.110316
8.36 -0.111103
8.38 -0.111823
8.40 -0.112477
8.42 -0.113063
8.44 -0.113582
8.46 -0.114034
8.48 -0.114417
8.50 -0.114733
8.52 -0.11498
8.54 -0.115159
8.56 -0.115269
8.58 -0.115312
8.60 -0.115285
8.62 -0.115191
8.64 -0.115028
8.66 -0.114797
8.68 -0.114498
8.70 -0.114131
8.72 -0.113696
8.74 -0.113194
8.76 -0.112624
8.78 -0.111988
8.80 -0.111285
8.82 -0.110515
8.84 -0.10968
8.86 -0.108779
8.88 -0.107814
8.90 -0.106783
8.92 -0.105689
8.94 -0.104531
8.96 -0.10331
8.98 -0.102026
9.00 -0.100681
9.02 -0.0992746
9.04 -0.0978078
9.06 -0.0962812
9.08 -0.0946955
9.10 -0.0930515
9.12 -0.09135
9.14 -0.0895917
9.16 -0.0877775
9.18 -0.0859082
9.20 -0.0839847
9.22 -0.0820079
9.24 -0.0799788
9.26 -0.0778982
9.28 -0.0757672
9.30 -0.0735867
9.32 -0.0713577
9.34 -0.0690813
9.36 -0.0667585
9.38 -0.0643903
9.40 -0.0619779
9.42 -0.0595223
9.44 -0.0570248
9.46 -0.0544863
9.48 -0.0519081
9.50 -0.0492914
9.52 -0.0466374
9.54 -0.0439472
9.56 -0.0412221
9.58 -0.0384632
9.60 -0.0356719
9.62 -0.0328495
9.64 -0.0299971
9.66 -0.0271161
9.68 -0.0242077
9.70 -0.0212733
9.72 -0.0183142
9.74 -0.0153318
9.76 -0.0123272
9.78 -0.00930197
9.80 -0.00625736
9.82 -0.00319474
9.84 -0.00011549
9.86 0.00297903
9.88 0.00608744
9.90 0.00920836
9.92 0.0123404
9.94 0.0154822
9.96 0.0186323
9.98 0.0217894
10.00 0.024952
10.02 0.0281188
10.04 0.0312884
10.06 0.0344593
10.08 0.0376302
10.10 0.0407997
10.12 0.0439664
10.14 0.0471288
10.16 0.0502857
10.18 0.0534356
10.20 0.0565771
10.22 0.0597089
10.24 0.0628295
10.26 0.0659377
10.28 0.0690321
10.30 0.0721113
10.32 0.0751739
10.34 0.0782187
10.36 0.0812442
10.38 0.0842493
10.40 0.0872325
10.42 0.0901926
10.44 0.0931282
10.46 0.0960382
10.48 0.0989212
10.50 0.101776
10.52 0.104601
10.54 0.107396
10.56 0.110159
10.58 0.112888
10.60 0.115583
10.62 0.118243
10.64 0.120866
10.66 0.123452
10.68 0.125998
10.70 0.128505
10.72 0.13097
10.74 0.133394
10.76 0.135774
10.78 0.138109
10.80 0.1404
10.82 0.142644
10.84 0.144841
10.86 0.146989
10.88 0.149089
10.90 0.151138
10.92 0.153136
10.94 0.155083
10.96 0.156976
10.98 0.158816
11.00 0.160602
11.02 0.162332
11.04 0.164007
11.06 0.165625
11.08 0.167185
11.10 0.168687
11.12 0.17013
11.14 0.171514
11.16 0.172838
11.18 0.174101
11.20 0.175302
11.22 0.176442
11.24 0.177519
11.26 0.178534
11.28 0.179485
11.30 0.180372
11.32 0.181195
11.34 0.181953
11.36 0.182646
11.38 0.183274
11.40 0.183836
11.42 0.184331
11.44 0.184761
11.46 0.185123
11.48 0.185419
11.50 0.185648
11.52 0.18581
11.54 0.185904
11.56 0.18593
11.58 0.185889
11.60 0.18578
11.62 0.185604
11.64 0.185359
11.66 0.185047
11.68 0.184667
11.70 0.18422
11.72 0.183705
11.74 0.183122
11.76 0.182472
11.78 0.181755
11.80 0.18097
11.82 0.180119
11.84 0.179202
11.86 0.178218
11.88 0.177168
11.90 0.176052
11.92 0.174871
11.94 0.173624
11.96 0.172313
11.98 0.170938
12.00 0.169499
12.02 0.167997
12.04 0.166432
12.06 0.164804
12.08 0.163115
12.10 0.161364
12.12 0.159552
12.14 0.15768
12.16 0.155749
12.18 0.153759
12.20 0.15171
12.22 0.149604
12.24 0.147441
12.26 0.145222
12.28 0.142947
12.30 0.140618
12.32 0.138235
12.34 0.135798
12.36 0.13331
12.38 0.13077
12.40 0.128179
12.42 0.125539
12.44 0.12285
12.46 0.120113
12.48 0.117328
12.50 0.114498
12.52 0.111623
12.54 0.108704
12.56 0.105741
12.58 0.102737
12.60 0.0996912
12.62 0.0966055
12.64 0.0934808
12.66 0.0903181
12.68 0.0871185
12.70 0.0838831
12.72 0.0806131
12.74 0.0773094
12.76 0.0739733
12.78 0.0706059
12.80 0.0672083
12.82 0.0637817
12.84 0.0603272
12.86 0.0568461
12.88 0.0533395
12.90 0.0498085
12.92 0.0462545
12.94 0.0426786
12.96 0.039082
12.98 0.0354659
13.00 0.0318317
13.02 0.0281804
13.04 0.0245134
13.06 0.0208319
13.08 0.0171371
13.10 0.0134304
13.12 0.00971288
13.14 0.00598589
13.16 0.00225068
13.18 -0.00149148
13.20 -0.00523933
13.22 -0.0089916
13.24 -0.012747
13.26 -0.0165043
13.28 -0.0202622
13.30 -0.0240194
13.32 -0.0277747
13.34 -0.0315268
13.36 -0.0352744
13.38 -0.0390163
13.40 -0.0427512
13.42 -0.0464779
13.44 -0.050195
13.46 -0.0539014
13.48 -0.0575958
13.50 -0.0612769
13.52 -0.0649435
13.54 -0.0685944
13.56 -0.0722284
13.58 -0.0758442
13.60 -0.0794406
13.62 -0.0830164
13.64 -0.0865705
13.66 -0.0901015
13.68 -0.0936085
13.70 -0.0970901
13.72 -0.100545
13.74 -0.103973
13.76 -0.107372
13.78 -0.11074
13.80 -0.114078
13.82 -0.117384
13.84 -0.120656
13.86 -0.123894
13.88 -0.127097
13.90 -0.130263
13.92 -0.133392
13.94 -0.136482
13.96 -0.139532
13.98 -0.142542
14.00 -0.14551
14.02 -0.148436
14.04 -0.151318
14.06 -0.154156
14.08 -0.156948
14.10 -0.159694
14.12 -0.162393
14.14 -0.165044
14.16 -0.167645
14.18 -0.170197
14.20 -0.172698
14.22 -0.175148
14.24 -0.177545
14.26 -0.179889
14.28 -0.182179
14.30 -0.184414
14.32 -0.186595
14.34 -0.188719
14.36 -0.190786
14.38 -0.192796
14.40 -0.194748
14.42 -0.196641
14.44 -0.198475
14.46 -0.200249
14.48 -0.201962
14.50 -0.203614
14.52 -0.205205
14.54 -0.206733
14.56 -0.208199
14.58 -0.209602
14.60 -0.210941
14.62 -0.212216
14.64 -0.213427
14.66 -0.214573
14.68 -0.215653
14.70 -0.216669
14.72 -0.217618
14.74 -0.218502
14.76 -0.219318
14.78 -0.220069
14.80 -0.220752
14.82 -0.221368
14.84 -0.221917
14.86 -0.222398
14.88 -0.222812
14.90 -0.223157
14.92 -0.223435
14.94 -0.223645
14.96 -0.223787
14.98 -0.223861
15.00 -0.223867
15.02 -0.223804
15.04 -0.223674
15.06 -0.223475
15.08 -0.223208
15.10 -0.222874
15.12 -0.222472
15.14 -0.222002
15.16 -0.221464
15.18 -0.220859
15.20 -0.220188
15.22 -0.219449
15.24 -0.218643
15.26 -0.217771
15.28 -0.216833
15.30 -0.215829
15.32 -0.214759
15.34 -0.213624
15.36 -0.212425
15.38 -0.211161
15.40 -0.209832
15.42 -0.208441
15.44 -0.206986
15.46 -0.205468
15.48 -0.203888
15.50 -0.202246
15.52 -0.200543
15.54 -0.198779
15.56 -0.196955
15.58 -0.195071
15.60 -0.193129
15.62 -0.191127
15.64 -0.189069
15.66 -0.186953
15.68 -0.18478
15.70 -0.182552
15.72 -0.180268
15.74 -0.17793
15.76 -0.175539
15.78 -0.173094
15.80 -0.170598
15.82 -0.168049
15.84 -0.165451
15.86 -0.162802
15.88 -0.160104
15.90 -0.157359
15.92 -0.154565
15.94 -0.151726
15.96 -0.14884
15.98 -0.14591
16.00 -0.142936
16.02 -0.13992
16.04 -0.136861
16.06 -0.133761
16.08 -0.130621
16.10 -0.127442
16.12 -0.124225
16.14 -0.12097
16.16 -0.117679
16.18 -0.114353
16.20 -0.110993
16.22 -0.1076
16.24 -0.104175
16.26 -0.100718
16.28 -0.0972315
16.30 -0.0937158
16.32 -0.0901723
16.34 -0.0866018
16.36 -0.0830056
16.38 -0.0793846
16.40 -0.0757401
16.42 -0.072073
16.44 -0.0683844
16.46 -0.0646756
16.48 -0.0609475
16.50 -0.0572014
16.52 -0.0534383
16.54 -0.0496593
16.56 -0.0458656
16.58 -0.0420584
16.60 -0.0382387
16.62 -0.0344077
16.64 -0.0305665
16.66 -0.0267163
16.68 -0.0228582
16.70 -0.0189934
16.72 -0.015123
16.74 -0.0112481
16.76 -0.00736992
16.78 -0.00348959
16.80 0.000391744
16.82 0.00427295
16.84 0.00815288
16.86 0.0120304
16.88 0.0159043
16.90 0.0197736
16.92 0.023637
16.94 0.0274935
16.96 0.0313419
16.98 0.0351811
17.00 0.0390099
17.02 0.0428273
17.04 0.0466321
17.06 0.0504233
17.08 0.0541997
17.10 0.0579602
17.12 0.0617038
17.14 0.0654293
17.16 0.0691357
17.18 0.0728219
17.20 0.0764868
17.22 0.0801295
17.24 0.0837487
17.26 0.0873436
17.28 0.0909131
17.30 0.094456
17.32 0.0979716
17.34 0.101459
17.36 0.104916
17.38 0.108343
17.40 0.111739
17.42 0.115102
17.44 0.118432
17.46 0.121728
17.48 0.124988
17.50 0.128212
17.52 0.131399
17.54 0.134549
17.56 0.137659
17.58 0.140729
17.60 0.143759
17.62 0.146748
17.64 0.149694
17.66 0.152597
17.68 0.155457
17.70 0.158271
17.72 0.16104
17.74 0.163763
17.76 0.166439
17.78 0.169067
17.80 0.171647
17.82 0.174177
17.84 0.176658
17.86 0.179088
17.88 0.181467
17.90 0.183794
17.92 0.186068
17.94 0.18829
17.96 0.190457
17.98 0.192571
18.00 0.194629
18.02 0.196632
18.04 0.198579
18.06 0.20047
18.08 0.202304
18.10 0.20408
18.12 0.205798
18.14 0.207458
18.16 0.20906
18.18 0.210602
18.20 0.212084
18.22 0.213507
18.24 0.214869
18.26 0.21617
18.28 0.21741
18.30 0.218589
18.32 0.219707
18.34 0.220762
18.36 0.221756
18.38 0.222686
18.40 0.223555
18.42 0.22436
18.44 0.225103
18.46 0.225782
18.48 0.226398
18.50 0.226951
18.52 0.22744
18.54 0.227865
18.56 0.228227
18.58 0.228525
18.60 0.228759
18.62 0.228929
18.64 0.229036
18.66 0.229078
18.68 0.229057
18.70 0.228972
18.72 0.228824
18.74 0.228612
18.76 0.228336
18.78 0.227997
18.80 0.227595
18.82 0.22713
18.84 0.226602
18.86 0.226011
18.88 0.225358
18.90 0.224643
18.92 0.223866
18.94 0.223027
18.96 0.222126
18.98 0.221164
19.00 0.220142
19.02 0.219059
19.04 0.217916
19.06 0.216713
19.08 0.215451
19.10 0.21413
19.12 0.21275
19.14 0.211312
19.16 0.209816
19.18 0.208263
19.20 0.206653
19.22 0.204987
19.24 0.203265
19.26 0.201488
19.28 0.199656
19.30 0.19777
19.32 0.195831
19.34 0.193838
19.36 0.191793
19.38 0.189696
19.40 0.187548
19.42 0.185349
19.44 0.183101
19.46 0.180803
19.48 0.178457
19.50 0.176062
19.52 0.173621
19.54 0.171133
19.56 0.168599
19.58 0.16602
19.60 0.163397
19.62 0.16073
19.64 0.158021
19.66 0.155269
19.68 0.152477
19.70 0.149644
19.72 0.146771
19.74 0.14386
19.76 0.14091
19.78 0.137924
19.80 0.134901
19.82 0.131843
19.84 0.128751
19.86 0.125624
19.88 0.122465
19.90 0.119275
19.92 0.116053
19.94 0.112801
19.96 0.10952
19.98 0.106211
20.00 0.102874
20.02 0.099511
20.04 0.0961226
20.06 0.0927098
20.08 0.0892734
20.10 0.0858144
20.12 0.0823338
20.14 0.0788326
20.16 0.0753117
20.18 0.0717721
20.20 0.0682147
20.22 0.0646407
20.24 0.0610508
20.26 0.0574463
20.28 0.0538279
20.30 0.0501968
20.32 0.0465539
20.34 0.0429003
20.36 0.0392368
20.38 0.0355646
20.40 0.0318847
20.42 0.0281979
20.44 0.0245054
20.46 0.0208082
20.48 0.0171072
20.50 0.0134035
20.52 0.00969804
20.54 0.00599186
20.56 0.00228596
20.58 -0.00141866
20.60 -0.005121
20.62 -0.00882005
20.64 -0.0125148
20.66 -0.0162043
20.68 -0.0198876
20.70 -0.0235635
20.72 -0.0272313
20.74 -0.0308898
20.76 -0.0345381
20.78 -0.0381752
20.80 -0.0418001
20.82 -0.0454119
20.84 -0.0490097
20.86 -0.0525924
20.88 -0.0561591
20.90 -0.0597089
20.92 -0.0632408
20.94 -0.0667538
20.96 -0.0702471
20.98 -0.0737198
21.00 -0.0771708
21.02 -0.0805994
21.04 -0.0840045
21.06 -0.0873853
21.08 -0.090741
21.10 -0.0940706
21.12 -0.0973732
21.14 -0.100648
21.16 -0.103894
21.18 -0.107111
21.20 -0.110297
21.22 -0.113452
21.24 -0.116576
21.26 -0.119666
21.28 -0.122723
21.30 -0.125745
21.32 -0.128732
21.34 -0.131683
21.36 -0.134598
21.38 -0.137475
21.40 -0.140314
21.42 -0.143114
21.44 -0.145874
21.46 -0.148594
21.48 -0.151273
21.50 -0.15391
21.52 -0.156504
21.54 -0.159056
21.56 -0.161564
21.58 -0.164028
21.60 -0.166447
21.62 -0.16882
21.64 -0.171147
21.66 -0.173427
21.68 -0.17566
21.70 -0.177845
21.72 -0.179982
21.74 -0.182069
21.76 -0.184108
21.78 -0.186096
21.80 -0.188034
21.82 -0.189921
21.84 -0.191756
21.86 -0.19354
21.88 -0.195272
21.90 -0.19695
21.92 -0.198576
21.94 -0.200148
21.96 -0.201666
21.98 -0.20313
22.00 -0.20454
22.02 -0.205895
22.04 -0.207194
22.06 -0.208438
22.08 -0.209626
22.10 -0.210758
22.12 -0.211834
22.14 -0.212853
22.16 -0.213815
22.18 -0.21472
22.20 -0.215569
22.22 -0.216359
22.24 -0.217092
22.26 -0.217768
22.28 -0.218386
22.30 -0.218945
22.32 -0.219447
22.34 -0.21989
22.36 -0.220276
22.38 -0.220602
22.40 -0.220871
22.42 -0.221081
22.44 -0.221233
22.46 -0.221327
22.48 -0.221362
22.50 -0.221339
22.52 -0.221258
22.54 -0.221118
22.56 -0.220921
22.58 -0.220665
22.60 -0.220351
22.62 -0.21998
22.64 -0.219551
22.66 -0.219064
22.68 -0.218521
22.70 -0.21792
22.72 -0.217262
22.74 -0.216547
22.76 -0.215776
22.78 -0.214948
22.80 -0.214065
22.82 -0.213125
22.84 -0.212131
22.86 -0.211081
22.88 -0.209976
22.90 -0.208817
22.92 -0.207604
22.94 -0.206337
22.96 -0.205016
22.98 -0.203642
23.00 -0.202216
23.02 -0.200738
23.04 -0.199207
23.06 -0.197625
23.08 -0.195993
23.10 -0.19431
23.12 -0.192576
23.14 -0.190794
23.16 -0.188962
23.18 -0.187082
23.20 -0.185154
23.22 -0.183178
23.24 -0.181156
23.26 -0.179087
23.28 -0.176972
23.30 -0.174812
23.32 -0.172608
23.34 -0.17036
23.36 -0.168068
23.38 -0.165733
23.40 -0.163357
23.42 -0.160939
23.44 -0.15848
23.46 -0.155981
23.48 -0.153442
23.50 -0.150865
23.52 -0.14825
23.54 -0.145597
23.56 -0.142908
23.58 -0.140183
23.60 -0.137422
23.62 -0.134627
23.64 -0.131799
23.66 -0.128937
23.68 -0.126044
23.70 -0.123118
23.72 -0.120163
23.74 -0.117177
23.76 -0.114162
23.78 -0.111119
23.80 -0.108049
23.82 -0.104952
23.84 -0.101829
23.86 -0.0986809
23.88 -0.0955089
23.90 -0.0923135
23.92 -0.0890957
23.94 -0.0858562
23.96 -0.082596
23.98 -0.0793158
24.00 -0.0760166
24.02 -0.0726992
24.04 -0.0693644
24.06 -0.0660132
24.08 -0.0626464
24.10 -0.059265
24.12 -0.0558697
24.14 -0.0524615
24.16 -0.0490413
24.18 -0.0456099
24.20 -0.0421683
24.22 -0.0387173
24.24 -0.0352578
24.26 -0.0317908
24.28 -0.0283171
24.30 -0.0248377
24.32 -0.0213534
24.34 -0.0178652
24.36 -0.0143739
24.38 -0.0108804
24.40 -0.00738572
24.42 -0.00389068
24.44 -0.00039619
24.46 0.00309684
24.48 0.00658751
24.50 0.0100749
24.52 0.0135582
24.54 0.0170364
24.56 0.0205087
24.58 0.0239741
24.60 0.0274318
24.62 0.0308809
24.64 0.0343206
24.66 0.0377498
24.68 0.0411678
24.70 0.0445737
24.72 0.0479666
24.74 0.0513456
24.76 0.0547099
24.78 0.0580587
24.80 0.061391
24.82 0.064706
24.84 0.0680029
24.86 0.0712809
24.88 0.0745391
24.90 0.0777766
24.92 0.0809928
24.94 0.0841866
24.96 0.0873574
24.98 0.0905044
25.00 0.0936266
25.02 0.0967235
25.04 0.0997941
25.06 0.102838
25.08 0.105854
25.10 0.108841
25.12 0.111799
25.14 0.114727
25.16 0.117624
25.18 0.12049
25.20 0.123323
25.22 0.126124
25.24 0.128891
25.26 0.131624
25.28 0.134321
25.30 0.136983
25.32 0.139609
25.34 0.142198
25.36 0.144749
25.38 0.147262
25.40 0.149735
25.42 0.15217
25.44 0.154564
25.46 0.156917
25.48 0.15923
25.50 0.1615
25.52 0.163728
25.54 0.165913
25.56 0.168054
25.58 0.170152
25.60 0.172205
25.62 0.174213
25.64 0.176175
25.66 0.178091
25.68 0.179961
25.70 0.181784
25.72 0.183559
25.74 0.185287
25.76 0.186966
25.78 0.188597
25.80 0.190178
25.82 0.19171
25.84 0.193193
25.86 0.194625
25.88 0.196007
25.90 0.197337
25.92 0.198617
25.94 0.199845
25.96 0.201022
25.98 0.202147
26.00 0.203219
26.02 0.204239
26.04 0.205206
26.06 0.20612
26.08 0.20698
26.10 0.207788
26.12 0.208542
26.14 0.209242
26.16 0.209888
26.18 0.21048
26.20 0.211018
26.22 0.211501
26.24 0.211931
26.26 0.212305
26.28 0.212626
26.30 0.212891
26.32 0.213102
26.34 0.213259
26.36 0.21336
26.38 0.213407
26.40 0.213399
26.42 0.213337
26.44 0.21322
26.46 0.213048
26.48 0.212822
26.50 0.212541
26.52 0.212206
26.54 0.211817
26.56 0.211374
26.58 0.210876
26.60 0.210325
26.62 0.209721
26.64 0.209062
26.66 0.208351
26.68 0.207586
26.70 0.206769
26.72 0.205898
26.74 0.204976
26.76 0.204001
26.78 0.202974
26.80 0.201896
26.82 0.200766
26.84 0.199586
26.86 0.198355
26.88 0.197073
26.90 0.195742
26.92 0.19436
26.94 0.19293
26.96 0.19145
26.98 0.189922
27.00 0.188346
27.02 0.186722
27.04 0.185051
27.06 0.183334
27.08 0.181569
27.10 0.179759
27.12 0.177904
27.14 0.176003
27.16 0.174059
27.18 0.17207
27.20 0.170038
27.22 0.167963
27.24 0.165845
27.26 0.163686
27.28 0.161486
27.30 0.159245
27.32 0.156964
27.34 0.154643
27.36 0.152284
27.38 0.149886
27.40 0.147451
27.42 0.144978
27.44 0.14247
27.46 0.139925
27.48 0.137346
27.50 0.134732
27.52 0.132085
27.54 0.129405
27.56 0.126692
27.58 0.123947
27.60 0.121172
27.62 0.118366
27.64 0.115531
27.66 0.112668
27.68 0.109776
27.70 0.106857
27.72 0.103911
27.74 0.10094
27.76 0.0979435
27.78 0.0949229
27.80 0.0918788
27.82 0.0888121
27.84 0.0857234
27.86 0.0826136
27.88 0.0794836
27.90 0.076334
27.92 0.0731657
27.94 0.0699796
27.96 0.0667763
27.98 0.0635568
28.00 0.0603218
28.02 0.0570722
28.04 0.0538089
28.06 0.0505325
28.08 0.0472441
28.10 0.0439444
28.12 0.0406342
28.14 0.0373144
28.16 0.0339859
28.18 0.0306494
28.20 0.0273059
28.22 0.0239562
28.24 0.0206012
28.26 0.0172416
28.28 0.0138784
28.30 0.0105124
28.32 0.00714447
28.34 0.00377544
28.36 0.000406191
28.38 -0.00296243
28.40 -0.00632958
28.42 -0.00969439
28.44 -0.013056
28.46 -0.0164136
28.48 -0.0197663
28.50 -0.0231132
28.52 -0.0264536
28.54 -0.0297865
28.56 -0.0331112
28.58 -0.0364267
28.60 -0.0397322
28.62 -0.043027
28.64 -0.0463101
28.66 -0.0495808
28.68 -0.0528382
28.70 -0.0560814
28.72 -0.0593098
28.74 -0.0625224
28.76 -0.0657184
28.78 -0.0688971
28.80 -0.0720577
28.82 -0.0751992
28.84 -0.078321
28.86 -0.0814223
28.88 -0.0845022
28.90 -0.08756
28.92 -0.090595
28.94 -0.0936063
28.96 -0.0965932
28.98 -0.099555
29.00 -0.102491
29.02 -0.1054
29.04 -0.108282
29.06 -0.111136
29.08 -0.113961
29.10 -0.116756
29.12 -0.119521
29.14 -0.122256
29.16 -0.124958
29.18 -0.127629
29.20 -0.130266
29.22 -0.13287
29.24 -0.135439
29.26 -0.137974
29.28 -0.140473
29.30 -0.142936
29.32 -0.145362
29.34 -0.147751
29.36 -0.150101
29.38 -0.152413
29.40 -0.154686
29.42 -0.156919
29.44 -0.159112
29.46 -0.161264
29.48 -0.163375
29.50 -0.165444
29.52 -0.16747
29.54 -0.169453
29.56 -0.171393
29.58 -0.173289
29.60 -0.17514
29.62 -0.176947
29.64 -0.178708
29.66 -0.180424
29.68 -0.182093
29.70 -0.183716
29.72 -0.185292
29.74 -0.18682
29.76 -0.188301
29.78 -0.189733
29.80 -0.191117
29.82 -0.192452
29.84 -0.193738
29.86 -0.194975
29.88 -0.196161
29.90 -0.197298
29.92 -0.198384
29.94 -0.19942
29.96 -0.200404
29.98 -0.201338
30.00 -0.20222
30.02 -0.20305
30.04 -0.203829
30.06 -0.204556
30.08 -0.20523
30.10 -0.205853
30.12 -0.206423
30.14 -0.20694
30.16 -0.207404
30.18 -0.207816
30.20 -0.208175
30.22 -0.208481
30.24 -0.208733
30.26 -0.208933
30.28 -0.209079
30.30 -0.209172
30.32 -0.209212
30.34 -0.209199
30.36 -0.209132
30.38 -0.209012
30.40 -0.208839
30.42 -0.208613
30.44 -0.208334
30.46 -0.208002
30.48 -0.207617
30.50 -0.207179
30.52 -0.206689
30.54 -0.206146
30.56 -0.205551
30.58 -0.204903
30.60 -0.204204
30.62 -0.203452
30.64 -0.202649
30.66 -0.201794
30.68 -0.200889
30.70 -0.199932
30.72 -0.198924
30.74 -0.197866
30.76 -0.196758
30.78 -0.195599
30.80 -0.194391
30.82 -0.193134
30.84 -0.191828
30.86 -0.190473
30.88 -0.189069
30.90 -0.187618
30.92 -0.186119
30.94 -0.184573
30.96 -0.18298
30.98 -0.181341
31.00 -0.179656
31.02 -0.177925
31.04 -0.176149
31.06 -0.174329
31.08 -0.172464
31.10 -0.170555
31.12 -0.168604
31.14 -0.16661
31.16 -0.164573
31.18 -0.162495
31.20 -0.160375
31.22 -0.158215
31.24 -0.156015
31.26 -0.153776
31.28 -0.151497
31.30 -0.14918
31.32 -0.146826
31.34 -0.144434
31.36 -0.142005
31.38 -0.139541
31.40 -0.137041
31.42 -0.134507
31.44 -0.131939
31.46 -0.129337
31.48 -0.126703
31.50 -0.124036
31.52 -0.121338
31.54 -0.11861
31.56 -0.115851
31.58 -0.113064
31.60 -0.110247
31.62 -0.107403
31.64 -0.104532
31.66 -0.101634
31.68 -0.0987112
31.70 -0.095763
31.72 -0.0927907
31.74 -0.0897949
31.76 -0.0867765
31.78 -0.0837362
31.80 -0.0806748
31.82 -0.0775931
31.84 -0.0744919
31.86 -0.071372
31.88 -0.068234
31.90 -0.0650789
31.92 -0.0619075
31.94 -0.0587205
31.96 -0.0555188
31.98 -0.0523031
32.00 -0.0490744
32.02 -0.0458334
32.04 -0.0425809
32.06 -0.0393177
32.08 -0.0360448
32.10 -0.0327629
32.12 -0.0294728
32.14 -0.0261755
32.16 -0.0228716
32.18 -0.0195622
32.20 -0.0162479
32.22 -0.0129297
32.24 -0.00960843
32.26 -0.00628487
32.28 -0.0029599
32.30 0.000365635
32.32 0.0036909
32.34 0.00701504
32.36 0.0103372
32.38 0.0136566
32.40 0.0169723
32.42 0.0202835
32.44 0.0235894
32.46 0.0268891
32.48 0.0301818
32.50 0.0334667
32.52 0.0367429
32.54 0.0400095
32.56 0.0432659
32.58 0.046511
32.60 0.0497442
32.62 0.0529645
32.64 0.0561712
32.66 0.0593634
32.68 0.0625404
32.70 0.0657013
32.72 0.0688454
32.74 0.0719717
32.76 0.0750796
32.78 0.0781683
32.80 0.0812369
32.82 0.0842847
32.84 0.087311
32.86 0.0903148
32.88 0.0932956
32.90 0.0962524
32.92 0.0991846
32.94 0.102091
32.96 0.104972
32.98 0.107826
33.00 0.110652
33.02 0.113451
33.04 0.11622
33.06 0.118959
33.08 0.121668
33.10 0.124346
33.12 0.126992
33.14 0.129606
33.16 0.132186
33.18 0.134733
33.20 0.137246
33.22 0.139723
33.24 0.142165
33.26 0.14457
33.28 0.146939
33.30 0.14927
33.32 0.151563
33.34 0.153817
33.36 0.156033
33.38 0.158208
33.40 0.160343
33.42 0.162437
33.44 0.164489
33.46 0.1665
33.48 0.168468
33.50 0.170393
33.52 0.172275
33.54 0.174113
33.56 0.175906
33.58 0.177655
33.60 0.179358
33.62 0.181016
33.64 0.182627
33.66 0.184192
33.68 0.18571
33.70 0.18718
33.72 0.188603
33.74 0.189978
33.76 0.191304
33.78 0.192581
33.80 0.19381
33.82 0.194989
33.84 0.196118
33.86 0.197197
33.88 0.198226
33.90 0.199205
33.92 0.200133
33.94 0.201009
33.96 0.201835
33.98 0.202609
34.00 0.203331
34.02 0.204002
34.04 0.20462
34.06 0.205186
34.08 0.205701
34.10 0.206162
34.12 0.206571
34.14 0.206928
34.16 0.207231
34.18 0.207482
34.20 0.20768
34.22 0.207825
34.24 0.207917
34.26 0.207956
34.28 0.207942
34.30 0.207875
34.32 0.207755
34.34 0.207583
34.36 0.207357
34.38 0.207078
34.40 0.206747
34.42 0.206363
34.44 0.205926
34.46 0.205437
34.48 0.204895
34.50 0.204302
34.52 0.203656
34.54 0.202958
34.56 0.202208
34.58 0.201407
34.60 0.200555
34.62 0.199652
34.64 0.198697
34.66 0.197692
34.68 0.196637
34.70 0.195531
34.72 0.194376
34.74 0.193171
34.76 0.191917
34.78 0.190614
34.80 0.189262
34.82 0.187862
34.84 0.186415
34.86 0.184919
34.88 0.183377
34.90 0.181788
34.92 0.180152
34.94 0.178471
34.96 0.176744
34.98 0.174972
35.00 0.173156
35.02 0.171295
35.04 0.16939
35.06 0.167443
35.08 0.165452
35.10 0.16342
35.12 0.161346
35.14 0.15923
35.16 0.157075
35.18 0.154879
35.20 0.152643
35.22 0.150369
35.24 0.148056
35.26 0.145705
35.28 0.143318
35.30 0.140894
35.32 0.138433
35.34 0.135938
35.36 0.133408
35.38 0.130844
35.40 0.128246
35.42 0.125616
35.44 0.122954
35.46 0.12026
35.48 0.117536
35.50 0.114781
35.52 0.111998
35.54 0.109185
35.56 0.106345
35.58 0.103478
35.60 0.100584
35.62 0.0976651
35.64 0.0947209
35.66 0.0917525
35.68 0.0887607
35.70 0.0857462
35.72 0.0827098
35.74 0.0796524
35.76 0.0765746
35.78 0.0734772
35.80 0.0703611
35.82 0.067227
35.84 0.0640757
35.86 0.0609081
35.88 0.0577249
35.90 0.054527
35.92 0.0513151
35.94 0.0480901
35.96 0.0448529
35.98 0.0416041
36.00 0.0383448
36.02 0.0350756
36.04 0.0317974
36.06 0.0285111
36.08 0.0252176
36.10 0.0219175
36.12 0.0186119
36.14 0.0153014
36.16 0.0119871
36.18 0.00866962
36.20 0.00534993
36.22 0.00202886
36.24 -0.00129276
36.26 -0.00461407
36.28 -0.00793424
36.30 -0.0112524
36.32 -0.0145677
36.34 -0.0178794
36.36 -0.0211864
36.38 -0.0244882
36.40 -0.0277836
36.42 -0.0310721
36.44 -0.0343526
36.46 -0.0376244
36.48 -0.0408866
36.50 -0.0441384
36.52 -0.047379
36.54 -0.0506075
36.56 -0.0538231
36.58 -0.057025
36.60 -0.0602124
36.62 -0.0633845
36.64 -0.0665404
36.66 -0.0696793
36.68 -0.0728005
36.70 -0.0759031
36.72 -0.0789864
36.74 -0.0820496
36.76 -0.0850918
36.78 -0.0881124
36.80 -0.0911105
36.82 -0.0940854
36.84 -0.0970363
36.86 -0.0999624
36.88 -0.102863
36.90 -0.105738
36.92 -0.108585
36.94 -0.111405
36.96 -0.114196
36.98 -0.116958
37.00 -0.119691
37.02 -0.122393
37.04 -0.125063
37.06 -0.127702
37.08 -0.130308
37.10 -0.132881
37.12 -0.13542
37.14 -0.137925
37.16 -0.140394
37.18 -0.142827
37.20 -0.145224
37.22 -0.147584
37.24 -0.149906
37.26 -0.15219
37.28 -0.154435
37.30 -0.156641
37.32 -0.158807
37.34 -0.160932
37.36 -0.163016
37.38 -0.165058
37.40 -0.167059
37.42 -0.169016
37.44 -0.170931
37.46 -0.172802
37.48 -0.174629
37.50 -0.176411
37.52 -0.178148
37.54 -0.17984
37.56 -0.181486
37.58 -0.183085
37.60 -0.184638
37.62 -0.186143
37.64 -0.187602
37.66 -0.189012
37.68 -0.190374
37.70 -0.191687
37.72 -0.192951
37.74 -0.194166
37.76 -0.195332
37.78 -0.196448
37.80 -0.197513
37.82 -0.198528
37.84 -0.199492
37.86 -0.200406
37.88 -0.201268
37.90 -0.202079
37.92 -0.202838
37.94 -0.203545
37.96 -0.204201
37.98 -0.204804
38.00 -0.205355
38.02 -0.205853
38.04 -0.206299
38.06 -0.206692
38.08 -0.207032
38.10 -0.20732
38.12 -0.207554
38.14 -0.207736
38.16 -0.207864
38.18 -0.20794
38.20 -0.207962
38.22 -0.207931
38.24 -0.207847
38.26 -0.207709
38.28 -0.207519
38.30 -0.207276
38.32 -0.206979
38.34 -0.20663
38.36 -0.206228
38.38 -0.205773
38.40 -0.205266
38.42 -0.204706
38.44 -0.204094
38.46 -0.20343
38.48 -0.202713
38.50 -0.201945
38.52 -0.201126
38.54 -0.200254
38.56 -0.199332
38.58 -0.198358
38.60 -0.197334
38.62 -0.19626
38.64 -0.195135
38.66 -0.19396
38.68 -0.192736
38.70 -0.191463
38.72 -0.19014
38.74 -0.188769
38.76 -0.18735
38.78 -0.185882
38.80 -0.184368
38.82 -0.182806
38.84 -0.181197
38.86 -0.179542
38.88 -0.177841
38.90 -0.176094
38.92 -0.174303
38.94 -0.172467
38.96 -0.170586
38.98 -0.168662
39.00 -0.166695
39.02 -0.164686
39.04 -0.162634
39.06 -0.16054
39.08 -0.158406
39.10 -0.156231
39.12 -0.154016
39.14 -0.151761
39.16 -0.149468
39.18 -0.147136
39.20 -0.144767
39.22 -0.142361
39.24 -0.139918
39.26 -0.137439
39.28 -0.134926
39.30 -0.132377
39.32 -0.129795
39.34 -0.12718
39.36 -0.124532
39.38 -0.121852
39.40 -0.119141
39.42 -0.116399
39.44 -0.113628
39.46 -0.110827
39.48 -0.107998
39.50 -0.105142
39.52 -0.102258
39.54 -0.0993487
39.56 -0.0964135
39.58 -0.0934537
39.60 -0.0904699
39.62 -0.0874629
39.64 -0.0844335
39.66 -0.0813825
39.68 -0.0783106
39.70 -0.0752186
39.72 -0.0721073
39.74 -0.0689776
39.76 -0.0658301
39.78 -0.0626658
39.80 -0.0594854
39.82 -0.0562897
39.84 -0.0530796
39.86 -0.0498558
39.88 -0.0466193
39.90 -0.0433707
39.92 -0.040111
39.94 -0.036841
39.96 -0.0335616
39.98 -0.0302734
40.00 -0.0269775


